xxx
265	5.14E-06
265.2	4.63E-06
265.4	4.16E-06
265.6	3.75E-06
265.8	3.37E-06
266	3.03E-06
266.2	2.73E-06
266.4	2.46E-06
266.6	2.21E-06
266.8	1.99E-06
267	1.79E-06
267.2	1.61E-06
267.4	1.45E-06
267.6	1.30E-06
267.8	1.17E-06
268	1.06E-06
268.2	9.49E-07
268.4	8.54E-07
268.6	7.69E-07
268.8	6.92E-07
269	6.22E-07
269.2	5.60E-07
269.4	5.04E-07
269.6	5.50E-07
269.8	6.15E-07
270	6.87E-07
270.2	7.68E-07
270.4	8.58E-07
270.6	9.59E-07
270.8	1.07E-06
271	1.20E-06
271.2	1.34E-06
271.4	1.50E-06
271.6	1.67E-06
271.8	1.87E-06
272	2.09E-06
272.2	2.33E-06
272.4	2.61E-06
272.6	2.91E-06
272.8	3.26E-06
273	3.64E-06
273.2	4.07E-06
273.4	4.54E-06
273.6	5.08E-06
273.8	5.67E-06
274	6.34E-06
274.2	4.89E-06
274.4	2.58E-06
274.6	1.37E-06
274.8	7.22E-07
275	3.81E-07
275.2	3.78E-07
275.4	3.74E-07
275.6	3.71E-07
275.8	3.67E-07
276	3.64E-07
276.2	3.61E-07
276.4	3.57E-07
276.6	3.54E-07
276.8	3.51E-07
277	3.48E-07
277.2	3.44E-07
277.4	3.41E-07
277.6	3.38E-07
277.8	3.35E-07
278	3.31E-07
278.2	3.26E-07
278.4	3.22E-07
278.6	3.17E-07
278.8	3.12E-07
279	3.08E-07
279.2	3.03E-07
279.4	2.99E-07
279.6	2.95E-07
279.8	2.90E-07
280	2.86E-07
280.2	2.82E-07
280.4	2.78E-07
280.6	2.74E-07
280.8	2.70E-07
281	2.66E-07
281.2	2.62E-07
281.4	2.59E-07
281.6	2.55E-07
281.8	2.51E-07
282	2.47E-07
282.2	2.44E-07
282.4	2.40E-07
282.6	2.41E-07
282.8	2.89E-07
283	3.46E-07
283.2	4.14E-07
283.4	4.96E-07
283.6	5.94E-07
283.8	7.11E-07
284	8.52E-07
284.2	1.02E-06
284.4	1.22E-06
284.6	1.46E-06
284.8	1.75E-06
285	2.10E-06
285.2	1.75E-06
285.4	1.46E-06
285.6	1.22E-06
285.8	1.02E-06
286	8.47E-07
286.2	7.06E-07
286.4	5.89E-07
286.6	4.91E-07
286.8	4.09E-07
287	3.41E-07
287.2	2.85E-07
287.4	2.37E-07
287.6	1.98E-07
287.8	1.65E-07
288	1.51E-07
288.2	1.48E-07
288.4	1.46E-07
288.6	1.44E-07
288.8	1.42E-07
289	1.40E-07
289.2	1.38E-07
289.4	1.36E-07
289.6	1.34E-07
289.8	1.32E-07
290	1.30E-07
290.2	1.28E-07
290.4	1.26E-07
290.6	1.24E-07
290.8	1.22E-07
291	1.21E-07
291.2	1.19E-07
291.4	1.17E-07
291.6	1.15E-07
291.8	1.14E-07
292	1.12E-07
292.2	1.10E-07
292.4	1.09E-07
292.6	1.08E-07
292.8	1.08E-07
293	1.09E-07
293.2	1.10E-07
293.4	1.11E-07
293.6	1.12E-07
293.8	1.13E-07
294	1.14E-07
294.2	1.15E-07
294.4	1.16E-07
294.6	1.17E-07
294.8	1.18E-07
295	1.19E-07
295.2	1.24E-07
295.4	1.29E-07
295.6	1.34E-07
295.8	1.36E-07
296	1.35E-07
296.2	1.33E-07
296.4	1.32E-07
296.6	1.30E-07
296.8	1.29E-07
297	1.27E-07
297.2	1.26E-07
297.4	1.24E-07
297.6	1.23E-07
297.8	1.22E-07
298	1.20E-07
298.2	1.19E-07
298.4	1.18E-07
298.6	1.16E-07
298.8	1.15E-07
299	1.14E-07
299.2	1.12E-07
299.4	1.11E-07
299.6	1.10E-07
299.8	1.09E-07
300	1.08E-07
300.2	1.06E-07
300.4	1.07E-07
300.6	1.16E-07
300.8	1.27E-07
301	1.38E-07
301.2	1.50E-07
301.4	1.64E-07
301.6	1.78E-07
301.8	1.94E-07
302	2.12E-07
302.2	2.30E-07
302.4	2.51E-07
302.6	2.73E-07
302.8	2.98E-07
303	3.25E-07
303.2	3.54E-07
303.4	3.85E-07
303.6	4.20E-07
303.8	4.57E-07
304	4.98E-07
304.2	5.42E-07
304.4	5.91E-07
304.6	6.44E-07
304.8	7.01E-07
305	7.64E-07
305.2	7.76E-07
305.4	7.89E-07
305.6	8.02E-07
305.8	8.15E-07
306	8.28E-07
306.2	8.41E-07
306.4	8.55E-07
306.6	8.69E-07
306.8	8.83E-07
307	8.92E-07
307.2	8.72E-07
307.4	8.52E-07
307.6	8.33E-07
307.8	8.14E-07
308	7.95E-07
308.2	7.77E-07
308.4	7.60E-07
308.6	7.43E-07
308.8	7.26E-07
309	7.09E-07
309.2	6.93E-07
309.4	6.77E-07
309.6	6.62E-07
309.8	6.47E-07
310	6.32E-07
310.2	6.18E-07
310.4	6.04E-07
310.6	5.90E-07
310.8	5.77E-07
311	5.64E-07
311.2	5.51E-07
311.4	5.38E-07
311.6	5.26E-07
311.8	4.86E-07
312	4.42E-07
312.2	4.02E-07
312.4	3.65E-07
312.6	3.32E-07
312.8	3.02E-07
313	2.75E-07
313.2	2.50E-07
313.4	2.27E-07
313.6	2.07E-07
313.8	1.88E-07
314	1.71E-07
314.2	1.56E-07
314.4	1.41E-07
314.6	1.29E-07
314.8	1.17E-07
315	1.06E-07
315.2	9.68E-08
315.4	8.80E-08
315.6	8.00E-08
315.8	7.28E-08
316	6.62E-08
316.2	6.02E-08
316.4	5.70E-08
316.6	5.68E-08
316.8	5.65E-08
317	5.63E-08
317.2	5.61E-08
317.4	5.59E-08
317.6	5.57E-08
317.8	5.55E-08
318	5.53E-08
318.2	5.51E-08
318.4	5.49E-08
318.6	5.47E-08
318.8	5.45E-08
319	5.43E-08
319.2	5.41E-08
319.4	5.39E-08
319.6	5.37E-08
319.8	5.35E-08
320	5.33E-08
320.2	5.31E-08
320.4	5.29E-08
320.6	5.27E-08
320.8	5.25E-08
321	5.23E-08
321.2	5.19E-08
321.4	5.15E-08
321.6	5.11E-08
321.8	5.08E-08
322	5.04E-08
322.2	5.00E-08
322.4	4.96E-08
322.6	4.93E-08
322.8	4.89E-08
323	4.85E-08
323.2	4.82E-08
323.4	4.78E-08
323.6	4.74E-08
323.8	4.71E-08
324	4.67E-08
324.2	4.64E-08
324.4	4.60E-08
324.6	4.57E-08
324.8	4.53E-08
325	4.50E-08
325.2	4.47E-08
325.4	4.43E-08
325.6	4.40E-08
325.8	4.64E-08
326	4.98E-08
326.2	5.35E-08
326.4	5.75E-08
326.6	6.17E-08
326.8	6.63E-08
327	7.12E-08
327.2	7.65E-08
327.4	8.22E-08
327.6	8.83E-08
327.8	9.48E-08
328	1.02E-07
328.2	1.09E-07
328.4	1.17E-07
328.6	1.26E-07
328.8	1.36E-07
329	1.46E-07
329.2	1.56E-07
329.4	1.68E-07
329.6	1.80E-07
329.8	1.94E-07
330	2.08E-07
330.2	2.24E-07
330.4	2.23E-07
330.6	2.04E-07
330.8	1.86E-07
331	1.70E-07
331.2	1.55E-07
331.4	1.41E-07
331.6	1.29E-07
331.8	1.17E-07
332	1.07E-07
332.2	9.77E-08
332.4	8.91E-08
332.6	8.13E-08
332.8	7.42E-08
333	6.77E-08
333.2	6.17E-08
333.4	5.63E-08
333.6	5.14E-08
333.8	4.69E-08
334	4.27E-08
334.2	3.90E-08
334.4	3.56E-08
334.6	3.24E-08
334.8	2.96E-08
335	2.71E-08
335.2	2.68E-08
335.4	2.65E-08
335.6	2.62E-08
335.8	2.59E-08
336	2.56E-08
336.2	2.53E-08
336.4	2.50E-08
336.6	2.47E-08
336.8	2.44E-08
337	2.47E-08
337.2	2.69E-08
337.4	2.93E-08
337.6	3.19E-08
337.8	3.47E-08
338	3.78E-08
338.2	4.12E-08
338.4	4.49E-08
338.6	4.89E-08
338.8	5.33E-08
339	5.80E-08
339.2	6.32E-08
339.4	6.88E-08
339.6	7.50E-08
339.8	8.17E-08
340	8.90E-08
340.2	9.69E-08
340.4	1.06E-07
340.6	1.15E-07
340.8	1.25E-07
341	1.36E-07
341.2	1.49E-07
341.4	1.62E-07
341.6	1.56E-07
341.8	1.41E-07
342	1.27E-07
342.2	1.14E-07
342.4	1.03E-07
342.6	9.22E-08
342.8	8.30E-08
343	7.47E-08
343.2	6.72E-08
343.4	6.04E-08
343.6	5.44E-08
343.8	4.89E-08
344	4.40E-08
344.2	3.96E-08
344.4	3.56E-08
344.6	3.21E-08
344.8	2.88E-08
345	2.59E-08
345.2	2.56E-08
345.4	2.58E-08
345.6	2.59E-08
345.8	2.61E-08
346	2.63E-08
346.2	2.65E-08
346.4	2.67E-08
346.6	2.69E-08
346.8	2.70E-08
347	2.72E-08
347.2	2.74E-08
347.4	2.76E-08
347.6	2.78E-08
347.8	2.80E-08
348	2.82E-08
348.2	2.84E-08
348.4	2.86E-08
348.6	2.88E-08
348.8	2.90E-08
349	2.92E-08
349.2	2.94E-08
349.4	2.96E-08
349.6	2.98E-08
349.8	3.00E-08
350	3.02E-08
350.2	3.04E-08
350.4	3.05E-08
350.6	3.07E-08
350.8	3.08E-08
351	3.10E-08
351.2	3.11E-08
351.4	3.13E-08
351.6	3.14E-08
351.8	3.16E-08
352	3.17E-08
352.2	3.19E-08
352.4	3.20E-08
352.6	3.22E-08
352.8	3.23E-08
353	3.25E-08
353.2	3.27E-08
353.4	3.28E-08
353.6	3.30E-08
353.8	3.31E-08
354	3.33E-08
354.2	3.35E-08
354.4	3.36E-08
354.6	3.38E-08
354.8	3.39E-08
355	3.41E-08
355.2	3.41E-08
355.4	3.41E-08
355.6	3.41E-08
355.8	3.40E-08
356	3.40E-08
356.2	3.40E-08
356.4	3.39E-08
356.6	3.39E-08
356.8	3.39E-08
357	3.38E-08
357.2	3.38E-08
357.4	3.38E-08
357.6	3.37E-08
357.8	3.37E-08
358	3.37E-08
358.2	3.37E-08
358.4	3.36E-08
358.6	3.36E-08
358.8	3.36E-08
359	3.35E-08
359.2	3.35E-08
359.4	3.35E-08
359.6	3.34E-08
359.8	3.34E-08
360	3.34E-08
360.2	3.33E-08
360.4	3.32E-08
360.6	3.32E-08
360.8	3.31E-08
361	3.30E-08
361.2	3.29E-08
361.4	3.29E-08
361.6	3.28E-08
361.8	3.27E-08
362	3.26E-08
362.2	3.26E-08
362.4	3.25E-08
362.6	3.24E-08
362.8	3.23E-08
363	3.23E-08
363.2	3.22E-08
363.4	3.21E-08
363.6	3.20E-08
363.8	3.20E-08
364	3.19E-08
364.2	3.18E-08
364.4	3.18E-08
364.6	3.17E-08
364.8	3.16E-08
365	3.15E-08
365.2	3.37E-08
365.4	3.67E-08
365.6	3.99E-08
365.8	4.34E-08
366	4.73E-08
366.2	5.15E-08
366.4	5.60E-08
366.6	6.09E-08
366.8	6.63E-08
367	7.22E-08
367.2	7.85E-08
367.4	8.55E-08
367.6	9.30E-08
367.8	1.01E-07
368	1.10E-07
368.2	1.20E-07
368.4	1.30E-07
368.6	1.42E-07
368.8	1.55E-07
369	1.68E-07
369.2	1.83E-07
369.4	1.99E-07
369.6	2.17E-07
369.8	2.36E-07
370	2.57E-07
370.2	2.55E-07
370.4	2.47E-07
370.6	2.40E-07
370.8	2.33E-07
371	2.26E-07
371.2	2.19E-07
371.4	2.13E-07
371.6	2.06E-07
371.8	2.00E-07
372	1.94E-07
372.2	1.89E-07
372.4	1.83E-07
372.6	1.78E-07
372.8	1.73E-07
373	1.67E-07
373.2	1.62E-07
373.4	1.58E-07
373.6	1.53E-07
373.8	1.48E-07
374	1.44E-07
374.2	1.40E-07
374.4	1.36E-07
374.6	1.32E-07
374.8	1.28E-07
375	1.24E-07
375.2	1.20E-07
375.4	1.15E-07
375.6	1.11E-07
375.8	1.06E-07
376	1.02E-07
376.2	9.84E-08
376.4	9.46E-08
376.6	9.10E-08
376.8	8.75E-08
377	8.42E-08
377.2	8.10E-08
377.4	7.79E-08
377.6	7.49E-08
377.8	7.21E-08
378	6.93E-08
378.2	6.67E-08
378.4	6.41E-08
378.6	6.17E-08
378.8	5.93E-08
379	5.71E-08
379.2	5.49E-08
379.4	5.28E-08
379.6	5.08E-08
379.8	4.88E-08
380	4.70E-08
380.2	4.94E-08
380.4	5.29E-08
380.6	5.68E-08
380.8	6.09E-08
381	6.53E-08
381.2	7.01E-08
381.4	7.52E-08
381.6	8.06E-08
381.8	8.65E-08
382	9.27E-08
382.2	9.95E-08
382.4	1.07E-07
382.6	1.14E-07
382.8	1.23E-07
383	1.32E-07
383.2	1.41E-07
383.4	1.51E-07
383.6	1.62E-07
383.8	1.74E-07
384	1.87E-07
384.2	2.00E-07
384.4	1.97E-07
384.6	1.86E-07
384.8	1.75E-07
385	1.65E-07
385.2	1.56E-07
385.4	1.47E-07
385.6	1.39E-07
385.8	1.31E-07
386	1.24E-07
386.2	1.17E-07
386.4	1.10E-07
386.6	1.04E-07
386.8	9.80E-08
387	9.25E-08
387.2	8.72E-08
387.4	8.23E-08
387.6	7.77E-08
387.8	7.33E-08
388	6.57E-08
388.2	5.86E-08
388.4	5.23E-08
388.6	4.67E-08
388.8	4.16E-08
389	3.72E-08
389.2	3.32E-08
389.4	2.96E-08
389.6	2.64E-08
389.8	2.36E-08
390	2.10E-08
390.2	1.88E-08
390.4	1.67E-08
390.6	1.51E-08
390.8	1.82E-08
391	2.20E-08
391.2	2.65E-08
391.4	3.19E-08
391.6	3.84E-08
391.8	4.63E-08
392	5.58E-08
392.2	6.72E-08
392.4	8.10E-08
392.6	8.48E-08
392.8	8.50E-08
393	8.52E-08
393.2	8.54E-08
393.4	8.57E-08
393.6	8.59E-08
393.8	8.61E-08
394	8.63E-08
394.2	8.65E-08
394.4	8.68E-08
394.6	8.70E-08
394.8	8.72E-08
395	8.74E-08
395.2	8.76E-08
395.4	8.79E-08
395.6	8.81E-08
395.8	8.83E-08
396	8.85E-08
396.2	8.91E-08
396.4	8.98E-08
396.6	9.04E-08
396.8	9.10E-08
397	9.16E-08
397.2	9.23E-08
397.4	9.29E-08
397.6	9.35E-08
397.8	9.42E-08
398	9.48E-08
398.2	9.55E-08
398.4	9.61E-08
398.6	9.68E-08
398.8	9.75E-08
399	9.81E-08
399.2	9.88E-08
399.4	9.95E-08
399.6	1.25E-07
399.8	2.95E-07
400	7.00E-07
400.2	1.20E-06
400.4	6.82E-07
400.6	6.74E-07
400.8	9.33E-07
401	6.62E-07
401.2	6.54E-07
401.4	6.89E-07
401.6	6.45E-07
401.8	6.38E-07
402	6.31E-07
402.2	6.26E-07
402.4	6.77E-07
402.6	1.85E-06
402.8	7.12E-07
403	9.49E-07
403.2	5.97E-07
403.4	1.24E-06
403.6	7.25E-07
403.8	5.80E-07
404	5.75E-07
404.2	5.70E-07
404.4	6.32E-07
404.6	7.73E-07
404.8	5.53E-07
405	5.47E-07
405.2	7.21E-07
405.4	1.20E-06
405.6	1.38E-06
405.8	5.28E-07
406	7.82E-07
406.2	5.16E-07
406.4	5.12E-07
406.6	9.50E-07
406.8	5.02E-07
407	4.98E-07
407.2	6.14E-07
407.4	6.62E-07
407.6	9.25E-07
407.8	4.84E-07
408	4.81E-07
408.2	9.55E-07
408.4	4.73E-07
408.6	4.70E-07
408.8	1.07E-06
409	9.74E-07
409.2	4.61E-07
409.4	1.26E-06
409.6	1.13E-06
409.8	1.08E-06
410	8.93E-07
410.2	8.36E-07
410.4	1.71E-06
410.6	2.37E-06
410.8	4.31E-06
411	5.12E-06
411.2	5.92E-06
411.4	7.39E-05
411.6	1.57E-04
411.8	9.01E-04
412	0.00131
412.2	0.00226
412.4	0.01114
412.6	0.14193
412.8	0.57795
413	0.77115
413.2	0.8277
413.4	0.84546
413.6	0.85732
413.8	0.87669
414	0.88327
414.2	0.88876
414.4	0.89075
414.6	0.89204
414.8	0.89516
415	0.89637
415.2	0.89918
415.4	0.90387
415.6	0.90437
415.8	0.89925
416	0.90206
416.2	0.91265
416.4	0.91844
416.6	0.91684
416.8	0.91595
417	0.92113
417.2	0.9229
417.4	0.92306
417.6	0.92303
417.8	0.92679
418	0.92922
418.2	0.92671
418.4	0.92295
418.6	0.92174
418.8	0.92523
419	0.92777
419.2	0.9269
419.4	0.92734
419.6	0.92809
419.8	0.93133
420	0.93142
420.2	0.92822
420.4	0.92685
420.6	0.9286
420.8	0.93415
421	0.93834
421.2	0.93566
421.4	0.93344
421.6	0.93321
421.8	0.93714
422	0.94177
422.2	0.94431
422.4	0.94328
422.6	0.93971
422.8	0.94029
423	0.94273
423.2	0.94574
423.4	0.94741
423.6	0.94981
423.8	0.95088
424	0.95256
424.2	0.9553
424.4	0.95603
424.6	0.95306
424.8	0.95196
425	0.95293
425.2	0.95514
425.4	0.95733
425.6	0.95646
425.8	0.95561
426	0.95551
426.2	0.95698
426.4	0.95945
426.6	0.96205
426.8	0.9639
427	0.96102
427.2	0.95671
427.4	0.95466
427.6	0.95475
427.8	0.95667
428	0.95936
428.2	0.96143
428.4	0.96268
428.6	0.96429
428.8	0.96303
429	0.96114
429.2	0.95709
429.4	0.95233
429.6	0.94956
429.8	0.95182
430	0.95704
430.2	0.96437
430.4	0.96881
430.6	0.96685
430.8	0.96225
431	0.95707
431.2	0.95375
431.4	0.95559
431.6	0.96005
431.8	0.96373
432	0.96634
432.2	0.96391
432.4	0.95981
432.6	0.95764
432.8	0.95667
433	0.95976
433.2	0.96415
433.4	0.96516
433.6	0.96563
433.8	0.96458
434	0.96406
434.2	0.96511
434.4	0.96773
434.6	0.97152
434.8	0.97346
435	0.9716
435.2	0.96786
435.4	0.96306
435.6	0.95925
435.8	0.95799
436	0.95861
436.2	0.96142
436.4	0.96427
436.6	0.96686
436.8	0.9683
437	0.96915
437.2	0.96984
437.4	0.97105
437.6	0.97181
437.8	0.9717
438	0.97173
438.2	0.97116
438.4	0.97105
438.6	0.96807
438.8	0.96597
439	0.96349
439.2	0.96042
439.4	0.95796
439.6	0.95716
439.8	0.95676
440	0.95828
440.2	0.95932
440.4	0.95929
440.6	0.95787
440.8	0.9562
441	0.95416
441.2	0.95325
441.4	0.9541
441.6	0.95766
441.8	0.96176
442	0.96623
442.2	0.96982
442.4	0.97168
442.6	0.97134
442.8	0.97046
443	0.96838
443.2	0.96695
443.4	0.96566
443.6	0.96507
443.8	0.96491
444	0.9643
444.2	0.96175
444.4	0.96146
444.6	0.95969
444.8	0.95771
445	0.95507
445.2	0.95382
445.4	0.95141
445.6	0.94904
445.8	0.94603
446	0.94336
446.2	0.94214
446.4	0.94191
446.6	0.94258
446.8	0.94707
447	0.95126
447.2	0.95577
447.4	0.96071
447.6	0.96375
447.8	0.96454
448	0.96553
448.2	0.96315
448.4	0.96284
448.6	0.96269
448.8	0.96456
449	0.96749
449.2	0.97029
449.4	0.97247
449.6	0.97173
449.8	0.97154
450	0.97054
450.2	0.96972
450.4	0.97071
450.6	0.97245
450.8	0.97392
451	0.97398
451.2	0.97238
451.4	0.96772
451.6	0.9634
451.8	0.95947
452	0.95632
452.2	0.95643
452.4	0.95872
452.6	0.95969
452.8	0.96099
453	0.96188
453.2	0.9615
453.4	0.96209
453.6	0.96272
453.8	0.96636
454	0.96985
454.2	0.9733
454.4	0.97441
454.6	0.97316
454.8	0.97004
455	0.96579
455.2	0.96094
455.4	0.95943
455.6	0.95812
455.8	0.95873
456	0.95776
456.2	0.95401
456.4	0.94537
456.6	0.93186
456.8	0.9145
457	0.89478
457.2	0.87798
457.4	0.86497
457.6	0.85907
457.8	0.85917
458	0.86279
458.2	0.86838
458.4	0.87132
458.6	0.87223
458.8	0.87052
459	0.87216
459.2	0.87722
459.4	0.88926
459.6	0.90343
459.8	0.91318
460	0.9156
460.2	0.91271
460.4	0.90925
460.6	0.9118
460.8	0.92447
461	0.9427
461.2	0.95904
461.4	0.96651
461.6	0.96103
461.8	0.90478
462	0.75708
462.2	0.43712
462.4	0.16132
462.6	0.04898
462.8	0.01749
463	0.00825
463.2	0.00155
463.4	6.52E-04
463.6	3.08E-04
463.8	1.66E-04
464	1.03E-04
464.2	6.60E-05
464.4	3.46E-05
464.6	1.54E-05
464.8	1.03E-05
465	6.94E-06
465.2	5.29E-06
465.4	4.04E-06
465.6	3.19E-06
465.8	2.61E-06
466	2.19E-06
466.2	1.84E-06
466.4	1.50E-06
466.6	1.19E-06
466.8	9.44E-07
467	6.05E-07
467.2	4.43E-07
467.4	3.62E-07
467.6	2.98E-07
467.8	3.39E-07
468	3.86E-07
468.2	3.23E-07
468.4	2.03E-07
468.6	2.15E-07
468.8	2.28E-07
469	2.54E-07
469.2	2.98E-07
469.4	3.50E-07
469.6	3.84E-07
469.8	3.53E-07
470	2.81E-07
470.2	2.24E-07
470.4	2.06E-07
470.6	1.90E-07
470.8	1.25E-07
471	6.22E-08
471.2	1.07E-07
471.4	1.85E-07
471.6	2.30E-07
471.8	2.13E-07
472	1.97E-07
472.2	1.04E-07
472.4	8.52E-08
472.6	9.93E-08
472.8	1.14E-07
473	8.63E-08
473.2	6.53E-08
473.4	1.07E-07
473.6	3.34E-07
473.8	2.53E-07
474	1.91E-07
474.2	1.54E-07
474.4	1.31E-07
474.6	1.11E-07
474.8	9.85E-08
475	9.94E-08
475.2	1.13E-07
475.4	1.28E-07
475.6	5.92E-08
475.8	2.73E-08
476	4.49E-08
476.2	2.68E-07
476.4	1.58E-07
476.6	9.33E-08
476.8	7.81E-08
477	9.14E-08
477.2	1.07E-07
477.4	2.13E-07
477.6	1.84E-07
477.8	1.59E-07
478	1.72E-07
478.2	1.85E-07
478.4	2.02E-07
478.6	2.23E-07
478.8	2.46E-07
479	2.71E-07
479.2	2.99E-07
479.4	3.29E-07
479.6	3.63E-07
479.8	4.00E-07
480	4.22E-07
480.2	4.21E-07
480.4	4.20E-07
480.6	4.20E-07
480.8	4.19E-07
481	4.18E-07
481.2	4.18E-07
481.4	4.17E-07
481.6	4.16E-07
481.8	4.16E-07
482	4.15E-07
482.2	4.15E-07
482.4	4.14E-07
482.6	4.13E-07
482.8	4.13E-07
483	4.12E-07
483.2	4.11E-07
483.4	4.11E-07
483.6	4.10E-07
483.8	4.09E-07
484	4.09E-07
484.2	4.08E-07
484.4	4.11E-07
484.6	4.15E-07
484.8	4.18E-07
485	4.22E-07
485.2	4.26E-07
485.4	4.30E-07
485.6	4.33E-07
485.8	4.37E-07
486	4.41E-07
486.2	4.45E-07
486.4	4.49E-07
486.6	4.53E-07
486.8	4.57E-07
487	4.61E-07
487.2	4.65E-07
487.4	4.69E-07
487.6	4.73E-07
487.8	4.77E-07
488	4.81E-07
488.2	4.86E-07
488.4	4.90E-07
488.6	4.36E-07
488.8	3.20E-07
489	2.35E-07
489.2	1.72E-07
489.4	1.26E-07
489.6	9.27E-08
489.8	6.80E-08
490	4.99E-08
490.2	3.82E-08
490.4	3.24E-08
490.6	2.75E-08
490.8	2.64E-08
491	2.63E-08
491.2	2.32E-08
491.4	1.44E-08
491.6	2.38E-08
491.8	5.11E-08
492	9.20E-08
492.2	1.01E-07
492.4	1.11E-07
492.6	1.19E-07
492.8	1.20E-07
493	1.03E-07
493.2	8.91E-08
493.4	8.91E-08
493.6	9.34E-08
493.8	9.45E-08
494	8.57E-08
494.2	1.16E-07
494.4	1.71E-07
494.6	2.09E-07
494.8	1.62E-07
495	1.25E-07
495.2	1.51E-07
495.4	1.85E-07
495.6	1.75E-07
495.8	1.65E-07
496	1.10E-07
496.2	6.70E-08
496.4	5.91E-08
496.6	1.51E-07
496.8	1.76E-07
497	1.66E-07
497.2	1.50E-07
497.4	1.19E-07
497.6	9.51E-08
497.8	6.24E-08
498	5.00E-08
498.2	7.16E-08
498.4	1.03E-07
498.6	1.13E-07
498.8	1.17E-07
499	1.24E-07
499.2	1.39E-07
499.4	1.57E-07
499.6	1.78E-07
499.8	2.07E-07
500	2.55E-07
500.2	3.16E-07
500.4	3.92E-07
500.6	4.88E-07
500.8	6.15E-07
501	7.74E-07
501.2	9.99E-07
501.4	1.30E-06
501.6	1.70E-06
501.8	2.25E-06
502	3.07E-06
502.2	4.20E-06
502.4	5.81E-06
502.6	8.28E-06
502.8	1.18E-05
503	1.70E-05
503.2	2.49E-05
503.4	3.68E-05
503.6	5.45E-05
503.8	8.22E-05
504	1.25E-04
504.2	1.91E-04
504.4	3.08E-04
504.6	4.76E-04
504.8	7.86E-04
505	0.00136
505.2	0.00244
505.4	0.00462
505.6	0.00918
505.8	0.01842
506	0.04252
506.2	0.10712
506.4	0.27009
506.6	0.56113
506.8	0.80502
507	0.87565
507.2	0.88924
507.4	0.90421
507.6	0.92006
507.8	0.92798
508	0.9276
508.2	0.9261
508.4	0.92931
508.6	0.93788
508.8	0.94948
509	0.96089
509.2	0.97027
509.4	0.97534
509.6	0.97728
509.8	0.97748
510	0.97638
510.2	0.9748
510.4	0.97285
510.6	0.96994
510.8	0.9678
511	0.9653
511.2	0.96322
511.4	0.96272
511.6	0.96151
511.8	0.95911
512	0.95682
512.2	0.95311
512.4	0.94807
512.6	0.94401
512.8	0.94051
513	0.93775
513.2	0.93953
513.4	0.94199
513.6	0.94834
513.8	0.95674
514	0.96354
514.2	0.97143
514.4	0.97755
514.6	0.9822
514.8	0.98495
515	0.9868
515.2	0.98658
515.4	0.98561
515.6	0.98318
515.8	0.98027
516	0.97587
516.2	0.97121
516.4	0.96549
516.6	0.96007
516.8	0.95614
517	0.95289
517.2	0.9512
517.4	0.95287
517.6	0.95516
517.8	0.9585
518	0.96371
518.2	0.96774
518.4	0.97219
518.6	0.97658
518.8	0.97858
519	0.98028
519.2	0.98148
519.4	0.98192
519.6	0.98298
519.8	0.98394
520	0.98498
520.2	0.98626
520.4	0.98761
520.6	0.98848
520.8	0.98939
521	0.98932
521.2	0.98938
521.4	0.98841
521.6	0.98728
521.8	0.98633
522	0.98541
522.2	0.98435
522.4	0.98436
522.6	0.98434
522.8	0.98458
523	0.985
523.2	0.98477
523.4	0.98392
523.6	0.98277
523.8	0.98099
524	0.97897
524.2	0.97667
524.4	0.97577
524.6	0.97492
524.8	0.97591
525	0.97882
525.2	0.98165
525.4	0.98422
525.6	0.98621
525.8	0.9862
526	0.98375
526.2	0.97941
526.4	0.97415
526.6	0.96875
526.8	0.96472
527	0.96386
527.2	0.96599
527.4	0.96999
527.6	0.97636
527.8	0.98186
528	0.98451
528.2	0.9829
528.4	0.97767
528.6	0.96966
528.8	0.95945
529	0.95093
529.2	0.94665
529.4	0.94516
529.6	0.9478
529.8	0.95382
530	0.95991
530.2	0.96571
530.4	0.96942
530.6	0.97052
530.8	0.96738
531	0.95889
531.2	0.94444
531.4	0.92321
531.6	0.90111
531.8	0.8854
532	0.87957
532.2	0.85485
532.4	0.7329
532.6	0.48677
532.8	0.24992
533	0.10159
533.2	0.0456
533.4	0.022
533.6	0.01157
533.8	0.00658
534	0.00398
534.2	0.002
534.4	0.00126
534.6	8.30E-04
534.8	5.72E-04
535	4.04E-04
535.2	2.97E-04
535.4	2.25E-04
535.6	1.80E-04
535.8	1.44E-04
536	1.16E-04
536.2	9.45E-05
536.4	7.93E-05
536.6	6.66E-05
536.8	5.47E-05
537	4.47E-05
537.2	3.64E-05
537.4	2.97E-05
537.6	2.32E-05
537.8	1.80E-05
538	1.38E-05
538.2	1.05E-05
538.4	7.95E-06
538.6	6.05E-06
538.8	4.65E-06
539	3.64E-06
539.2	2.84E-06
539.4	2.28E-06
539.6	1.84E-06
539.8	1.50E-06
540	1.22E-06
540.2	1.01E-06
540.4	8.44E-07
540.6	7.01E-07
540.8	5.82E-07
541	5.07E-07
541.2	4.42E-07
541.4	3.81E-07
541.6	3.24E-07
541.8	2.76E-07
542	2.73E-07
542.2	2.45E-07
542.4	1.92E-07
542.6	1.51E-07
542.8	1.45E-07
543	1.42E-07
543.2	1.41E-07
543.4	1.40E-07
543.6	1.13E-07
543.8	9.00E-08
544	8.27E-08
544.2	9.19E-08
544.4	1.02E-07
544.6	1.03E-07
544.8	1.07E-07
545	1.16E-07
545.2	1.26E-07
545.4	1.20E-07
545.6	1.13E-07
545.8	8.92E-08
546	5.57E-08
546.2	6.45E-08
546.4	7.68E-08
546.6	7.99E-08
546.8	6.98E-08
547	6.10E-08
547.2	7.47E-08
547.4	8.08E-08
547.6	7.33E-08
547.8	6.65E-08
548	7.63E-08
548.2	8.86E-08
548.4	8.00E-08
548.6	8.26E-08
548.8	8.73E-08
549	7.69E-08
549.2	5.33E-08
549.4	3.70E-08
549.6	4.57E-08
549.8	5.91E-08
550	7.65E-08
550.2	9.90E-08
550.4	1.28E-07
550.6	1.66E-07
550.8	2.14E-07
551	2.58E-07
551.2	2.58E-07
551.4	2.59E-07
551.6	2.59E-07
551.8	2.59E-07
552	2.60E-07
552.2	2.60E-07
552.4	2.60E-07
552.6	2.61E-07
552.8	2.61E-07
553	2.61E-07
553.2	2.62E-07
553.4	2.62E-07
553.6	2.62E-07
553.8	2.63E-07
554	2.63E-07
554.2	2.63E-07
554.4	2.64E-07
554.6	2.64E-07
554.8	2.63E-07
555	2.63E-07
555.2	2.62E-07
555.4	2.62E-07
555.6	2.61E-07
555.8	2.61E-07
556	2.61E-07
556.2	2.60E-07
556.4	2.60E-07
556.6	2.59E-07
556.8	2.59E-07
557	2.58E-07
557.2	2.58E-07
557.4	2.58E-07
557.6	2.57E-07
557.8	2.57E-07
558	2.56E-07
558.2	2.56E-07
558.4	2.55E-07
558.6	2.55E-07
558.8	2.55E-07
559	2.54E-07
559.2	2.54E-07
559.4	2.53E-07
559.6	2.53E-07
559.8	2.52E-07
560	2.52E-07
560.2	2.52E-07
560.4	2.52E-07
560.6	2.52E-07
560.8	2.52E-07
561	2.52E-07
561.2	2.52E-07
561.4	2.52E-07
561.6	2.52E-07
561.8	2.52E-07
562	2.52E-07
562.2	2.52E-07
562.4	2.52E-07
562.6	2.52E-07
562.8	2.52E-07
563	2.52E-07
563.2	2.52E-07
563.4	2.52E-07
563.6	2.52E-07
563.8	2.52E-07
564	2.52E-07
564.2	2.52E-07
564.4	2.52E-07
564.6	2.53E-07
564.8	2.55E-07
565	2.56E-07
565.2	2.58E-07
565.4	2.59E-07
565.6	2.61E-07
565.8	2.62E-07
566	2.64E-07
566.2	2.65E-07
566.4	2.67E-07
566.6	2.69E-07
566.8	2.70E-07
567	2.72E-07
567.2	2.73E-07
567.4	2.75E-07
567.6	2.76E-07
567.8	2.78E-07
568	2.80E-07
568.2	2.58E-07
568.4	2.15E-07
568.6	1.80E-07
568.8	1.50E-07
569	1.26E-07
569.2	1.05E-07
569.4	8.76E-08
569.6	7.31E-08
569.8	6.83E-08
570	6.60E-08
570.2	6.61E-08
570.4	7.28E-08
570.6	8.01E-08
570.8	7.57E-08
571	7.34E-08
571.2	8.45E-08
571.4	9.73E-08
571.6	6.74E-08
571.8	4.12E-08
572	3.02E-08
572.2	3.41E-08
572.4	4.10E-08
572.6	5.02E-08
572.8	5.55E-08
573	4.81E-08
573.2	4.17E-08
573.4	6.25E-08
573.6	8.40E-08
573.8	6.04E-08
574	4.34E-08
574.2	5.14E-08
574.4	6.96E-08
574.6	7.70E-08
574.8	5.06E-08
575	4.97E-08
575.2	5.44E-08
575.4	6.33E-08
575.6	8.68E-08
575.8	1.19E-07
576	1.12E-07
576.2	9.89E-08
576.4	9.90E-08
576.6	9.91E-08
576.8	9.91E-08
577	9.91E-08
577.2	1.05E-07
577.4	1.33E-07
577.6	1.50E-07
577.8	1.63E-07
578	1.81E-07
578.2	2.09E-07
578.4	2.41E-07
578.6	2.56E-07
578.8	2.79E-07
579	3.58E-07
579.2	4.59E-07
579.4	5.53E-07
579.6	6.55E-07
579.8	8.09E-07
580	1.13E-06
580.2	1.50E-06
580.4	1.96E-06
580.6	2.61E-06
580.8	3.63E-06
581	5.05E-06
581.2	7.14E-06
581.4	1.03E-05
581.6	1.52E-05
581.8	2.26E-05
582	3.50E-05
582.2	5.47E-05
582.4	8.56E-05
582.6	1.33E-04
582.8	2.19E-04
583	3.67E-04
583.2	6.29E-04
583.4	0.0011
583.6	0.00201
583.8	0.00376
584	0.00686
584.2	0.01313
584.4	0.02611
584.6	0.05347
584.8	0.11047
585	0.22427
585.2	0.44348
585.4	0.69376
585.6	0.88046
585.8	0.95306
586	0.94444
586.2	0.90885
586.4	0.87605
586.6	0.85476
586.8	0.84414
587	0.84241
587.2	0.84848
587.4	0.8593
587.6	0.87265
587.8	0.88544
588	0.89815
588.2	0.91061
588.4	0.92216
588.6	0.93288
588.8	0.9418
589	0.94923
589.2	0.95611
589.4	0.96215
589.6	0.96613
589.8	0.96868
590	0.97055
590.2	0.9715
590.4	0.97155
590.6	0.97004
590.8	0.9679
591	0.96549
591.2	0.96189
591.4	0.95732
591.6	0.95172
591.8	0.94695
592	0.94153
592.2	0.93692
592.4	0.93161
592.6	0.92723
592.8	0.92417
593	0.92157
593.2	0.918
593.4	0.91535
593.6	0.91246
593.8	0.91024
594	0.90753
594.2	0.90412
594.4	0.90057
594.6	0.89714
594.8	0.89493
595	0.89318
595.2	0.89178
595.4	0.8917
595.6	0.89373
595.8	0.89768
596	0.90166
596.2	0.90625
596.4	0.9132
596.6	0.9216
596.8	0.92883
597	0.93531
597.2	0.9422
597.4	0.94916
597.6	0.95568
597.8	0.96059
598	0.96462
598.2	0.96876
598.4	0.97238
598.6	0.9758
598.8	0.97816
599	0.9804
599.2	0.98259
599.4	0.98419
599.6	0.98492
599.8	0.98481
600	0.98426
600.2	0.98258
600.4	0.98087
600.6	0.97865
600.8	0.97628
601	0.97402
601.2	0.97122
601.4	0.96999
601.6	0.96849
601.8	0.96759
602	0.9675
602.2	0.96798
602.4	0.96917
602.6	0.97047
602.8	0.97196
603	0.97358
603.2	0.97398
603.4	0.97516
603.6	0.97578
603.8	0.97579
604	0.97584
604.2	0.97558
604.4	0.97547
604.6	0.97592
604.8	0.97595
605	0.9758
605.2	0.97656
605.4	0.97726
605.6	0.97801
605.8	0.97828
606	0.97886
606.2	0.97928
606.4	0.97953
606.6	0.97956
606.8	0.97897
607	0.97828
607.2	0.97739
607.4	0.97769
607.6	0.97724
607.8	0.97692
608	0.97788
608.2	0.97859
608.4	0.97922
608.6	0.97988
608.8	0.98077
609	0.98219
609.2	0.98328
609.4	0.98529
609.6	0.98637
609.8	0.98785
610	0.98891
610.2	0.99041
610.4	0.99113
610.6	0.99233
610.8	0.99315
611	0.99371
611.2	0.99378
611.4	0.99392
611.6	0.99347
611.8	0.99247
612	0.99066
612.2	0.98798
612.4	0.98464
612.6	0.98051
612.8	0.9756
613	0.96977
613.2	0.96302
613.4	0.95678
613.6	0.95083
613.8	0.94487
614	0.9387
614.2	0.93407
614.4	0.9313
614.6	0.92925
614.8	0.92799
615	0.92772
615.2	0.92962
615.4	0.93276
615.6	0.93612
615.8	0.93907
616	0.9429
616.2	0.94725
616.4	0.95203
616.6	0.9551
616.8	0.95778
617	0.95993
617.2	0.96167
617.4	0.96286
617.6	0.963
617.8	0.96187
618	0.96001
618.2	0.95723
618.4	0.95468
618.6	0.95141
618.8	0.94794
619	0.94397
619.2	0.9409
619.4	0.93861
619.6	0.93673
619.8	0.93662
620	0.93685
620.2	0.93803
620.4	0.94065
620.6	0.94348
620.8	0.94726
621	0.95032
621.2	0.95228
621.4	0.95356
621.6	0.95355
621.8	0.95348
622	0.95285
622.2	0.95093
622.4	0.94844
622.6	0.94617
622.8	0.94552
623	0.94519
623.2	0.94515
623.4	0.94424
623.6	0.94425
623.8	0.94401
624	0.94412
624.2	0.94233
624.4	0.93891
624.6	0.93426
624.8	0.92788
625	0.9174
625.2	0.89971
625.4	0.87226
625.6	0.83556
625.8	0.79296
626	0.74692
626.2	0.69748
626.4	0.63468
626.6	0.53875
626.8	0.38821
627	0.23661
627.2	0.12438
627.4	0.06118
627.6	0.03017
627.8	0.01548
628	0.00841
628.2	0.00454
628.4	0.00251
628.6	0.00143
628.8	8.45E-04
629	5.13E-04
629.2	3.22E-04
629.4	1.97E-04
629.6	1.18E-04
629.8	7.71E-05
630	5.02E-05
630.2	3.44E-05
630.4	2.36E-05
630.6	1.63E-05
630.8	1.11E-05
631	7.63E-06
631.2	5.36E-06
631.4	3.91E-06
631.6	2.96E-06
631.8	2.30E-06
632	1.72E-06
632.2	1.31E-06
632.4	1.07E-06
632.6	6.84E-07
632.8	6.33E-07
633	6.02E-07
633.2	5.82E-07
633.4	3.94E-07
633.6	3.12E-07
633.8	2.24E-07
634	2.82E-07
634.2	1.94E-07
634.4	7.56E-08
634.6	1.60E-07
634.8	4.33E-08
635	1.78E-07
635.2	1.41E-07
635.4	3.59E-08
635.6	1.93E-07
635.8	1.54E-07
636	1.49E-07
636.2	1.28E-07
636.4	7.97E-08
636.6	7.56E-08
636.8	8.92E-08
637	1.84E-07
637.2	1.93E-07
637.4	1.71E-07
637.6	1.57E-07
637.8	8.51E-08
638	9.70E-08
638.2	1.78E-07
638.4	1.71E-07
638.6	1.98E-07
638.8	4.03E-08
639	1.89E-07
639.2	5.96E-08
639.4	7.79E-08
639.6	1.61E-07
639.8	1.29E-07
640	4.64E-08
640.2	5.39E-08
640.4	1.07E-07
640.6	1.26E-07
640.8	1.23E-07
641	5.59E-08
641.2	1.44E-07
641.4	9.76E-08
641.6	1.73E-07
641.8	4.94E-08
642	1.29E-07
642.2	2.14E-07
642.4	2.26E-07
642.6	2.39E-07
642.8	2.53E-07
643	2.68E-07
643.2	2.84E-07
643.4	3.00E-07
643.6	3.17E-07
643.8	3.15E-07
644	3.14E-07
644.2	3.12E-07
644.4	3.10E-07
644.6	3.08E-07
644.8	3.06E-07
645	3.05E-07
645.2	3.03E-07
645.4	3.01E-07
645.6	2.99E-07
645.8	2.98E-07
646	2.96E-07
646.2	2.94E-07
646.4	2.93E-07
646.6	2.91E-07
646.8	2.89E-07
647	2.88E-07
647.2	2.86E-07
647.4	2.84E-07
647.6	2.83E-07
647.8	2.81E-07
648	2.80E-07
648.2	2.80E-07
648.4	2.79E-07
648.6	2.78E-07
648.8	2.78E-07
649	2.77E-07
649.2	2.77E-07
649.4	2.76E-07
649.6	2.75E-07
649.8	2.75E-07
650	2.74E-07
650.2	2.74E-07
650.4	2.73E-07
650.6	2.73E-07
650.8	2.72E-07
651	2.71E-07
651.2	2.71E-07
651.4	2.71E-07
651.6	2.71E-07
651.8	2.72E-07
652	2.73E-07
652.2	2.74E-07
652.4	2.74E-07
652.6	2.75E-07
652.8	2.76E-07
653	2.76E-07
653.2	2.77E-07
653.4	2.78E-07
653.6	2.79E-07
653.8	2.79E-07
654	2.80E-07
654.2	2.81E-07
654.4	2.82E-07
654.6	2.82E-07
654.8	2.83E-07
655	2.84E-07
655.2	2.85E-07
655.4	2.85E-07
655.6	2.83E-07
655.8	2.10E-07
656	1.56E-07
656.2	1.16E-07
656.4	8.63E-08
656.6	6.42E-08
656.8	4.77E-08
657	3.54E-08
657.2	1.41E-07
657.4	8.99E-08
657.6	3.70E-08
657.8	7.03E-08
658	4.22E-08
658.2	9.00E-08
658.4	7.27E-08
658.6	1.86E-07
658.8	3.50E-08
659	1.05E-07
659.2	1.22E-07
659.4	6.98E-08
659.6	5.98E-08
659.8	6.39E-08
660	5.79E-08
660.2	2.23E-07
660.4	1.40E-07
660.6	1.91E-07
660.8	3.51E-08
661	7.48E-08
661.2	1.27E-07
661.4	1.55E-07
661.6	7.05E-08
661.8	5.61E-08
662	3.65E-08
662.2	5.43E-08
662.4	1.53E-07
662.6	1.13E-07
662.8	1.42E-07
663	1.19E-07
663.2	1.71E-07
663.4	6.14E-08
663.6	3.64E-08
663.8	2.00E-07
664	1.07E-07
664.2	1.42E-07
664.4	2.72E-07
664.6	2.12E-07
664.8	1.57E-07
665	2.65E-07
665.2	4.14E-07
665.4	2.80E-07
665.6	3.83E-07
665.8	5.20E-07
666	8.47E-07
666.2	9.85E-07
666.4	1.22E-06
666.6	1.66E-06
666.8	1.82E-06
667	2.55E-06
667.2	3.99E-06
667.4	5.20E-06
667.6	7.40E-06
667.8	1.05E-05
668	1.60E-05
668.2	2.16E-05
668.4	3.23E-05
668.6	4.86E-05
668.8	7.69E-05
669	1.16E-04
669.2	1.82E-04
669.4	2.89E-04
669.6	4.70E-04
669.8	7.87E-04
670	0.00141
670.2	0.00249
670.4	0.00428
670.6	0.00738
670.8	0.01265
671	0.02124
671.2	0.0342
671.4	0.05009
671.6	0.07221
671.8	0.10021
672	0.13646
672.2	0.18377
672.4	0.24729
672.6	0.33029
672.8	0.40689
673	0.63943
673.2	0.84671
673.4	0.90611
673.6	0.94291
673.8	0.96267
674	0.97228
674.2	0.97658
674.4	0.97678
674.6	0.97456
674.8	0.96957
675	0.96391
675.2	0.95733
675.4	0.95175
675.6	0.94754
675.8	0.94546
676	0.9458
676.2	0.94797
676.4	0.95304
676.6	0.95906
676.8	0.96559
677	0.97133
677.2	0.97576
677.4	0.97905
677.6	0.97954
677.8	0.97816
678	0.97511
678.2	0.97093
678.4	0.96627
678.6	0.96193
678.8	0.95812
679	0.95552
679.2	0.95465
679.4	0.95517
679.6	0.9575
679.8	0.96064
680	0.96515
680.2	0.96969
680.4	0.97471
680.6	0.97913
680.8	0.98361
681	0.98712
681.2	0.98985
681.4	0.99214
681.6	0.99283
681.8	0.99303
682	0.99349
682.2	0.99311
682.4	0.99261
682.6	0.99197
682.8	0.99191
683	0.99185
683.2	0.99175
683.4	0.99091
683.6	0.99086
683.8	0.98985
684	0.98983
684.2	0.98901
684.4	0.98824
684.6	0.98736
684.8	0.98597
685	0.98503
685.2	0.98362
685.4	0.98281
685.6	0.98172
685.8	0.98114
686	0.98051
686.2	0.98016
686.4	0.97987
686.6	0.97956
686.8	0.97953
687	0.97905
687.2	0.97862
687.4	0.97777
687.6	0.97639
687.8	0.97464
688	0.97237
688.2	0.97055
688.4	0.96779
688.6	0.96541
688.8	0.96324
689	0.9612
689.2	0.95928
689.4	0.95862
689.6	0.95866
689.8	0.95864
690	0.95982
690.2	0.96166
690.4	0.96374
690.6	0.96692
690.8	0.97013
691	0.97356
691.2	0.97713
691.4	0.98046
691.6	0.9838
691.8	0.98647
692	0.98865
692.2	0.9902
692.4	0.99105
692.6	0.9915
692.8	0.99174
693	0.99118
693.2	0.98994
693.4	0.98878
693.6	0.98727
693.8	0.9854
694	0.98377
694.2	0.98183
694.4	0.98012
694.6	0.97807
694.8	0.97594
695	0.97356
695.2	0.97131
695.4	0.96952
695.6	0.96763
695.8	0.96604
696	0.96445
696.2	0.96321
696.4	0.96188
696.6	0.96113
696.8	0.96165
697	0.96143
697.2	0.96248
697.4	0.96447
697.6	0.9666
697.8	0.96877
698	0.97201
698.2	0.97511
698.4	0.97864
698.6	0.98134
698.8	0.98406
699	0.98592
699.2	0.98689
699.4	0.98722
699.6	0.98643
699.8	0.98489
700	0.983
700.2	0.97928
700.4	0.97618
700.6	0.9722
700.8	0.96852
701	0.9648
701.2	0.96198
701.4	0.9594
701.6	0.95795
701.8	0.95723
702	0.95764
702.2	0.95864
702.4	0.96054
702.6	0.96334
702.8	0.96623
703	0.96977
703.2	0.9735
703.4	0.97692
703.6	0.98014
703.8	0.98266
704	0.98509
704.2	0.98682
704.4	0.98809
704.6	0.98843
704.8	0.98819
705	0.98829
705.2	0.98819
705.4	0.98759
705.6	0.98731
705.8	0.98689
706	0.98608
706.2	0.9862
706.4	0.98553
706.6	0.98567
706.8	0.98491
707	0.98404
707.2	0.98348
707.4	0.98284
707.6	0.9816
707.8	0.98177
708	0.98121
708.2	0.98169
708.4	0.98256
708.6	0.98335
708.8	0.98492
709	0.98674
709.2	0.98782
709.4	0.98832
709.6	0.98798
709.8	0.986
710	0.98233
710.2	0.97707
710.4	0.97005
710.6	0.96201
710.8	0.95329
711	0.94538
711.2	0.93867
711.4	0.93381
711.6	0.93169
711.8	0.93324
712	0.93748
712.2	0.94521
712.4	0.95542
712.6	0.96648
712.8	0.97691
713	0.98175
713.2	0.9714
713.4	0.93162
713.6	0.80586
713.8	0.63965
714	0.45146
714.2	0.28904
714.4	0.17271
714.6	0.10093
714.8	0.05882
715	0.03345
715.2	0.0199
715.4	0.01214
715.6	0.00759
715.8	0.00485
716	0.00317
716.2	0.00201
716.4	0.00129
716.6	8.73E-04
716.8	5.98E-04
717	4.18E-04
717.2	2.94E-04
717.4	2.09E-04
717.6	1.46E-04
717.8	1.05E-04
718	7.63E-05
718.2	5.67E-05
718.4	4.30E-05
718.6	3.22E-05
718.8	2.42E-05
719	1.85E-05
719.2	1.45E-05
719.4	1.13E-05
719.6	8.61E-06
719.8	6.42E-06
720	5.10E-06
720.2	4.24E-06
720.4	3.24E-06
720.6	2.65E-06
720.8	2.46E-06
721	1.74E-06
721.2	1.39E-06
721.4	1.27E-06
721.6	1.08E-06
721.8	7.69E-07
722	8.57E-07
722.2	7.27E-07
722.4	4.71E-07
722.6	2.57E-07
722.8	3.52E-07
723	2.82E-07
723.2	1.99E-07
723.4	4.37E-07
723.6	2.44E-07
723.8	3.52E-07
724	1.94E-07
724.2	2.02E-07
724.4	8.53E-08
724.6	3.12E-07
724.8	9.38E-08
725	1.40E-07
725.2	3.78E-07
725.4	1.05E-07
725.6	2.01E-07
725.8	1.00E-07
726	4.58E-08
726.2	1.42E-07
726.4	1.97E-07
726.6	1.51E-07
726.8	6.63E-08
727	8.80E-08
727.2	2.46E-07
727.4	1.28E-07
727.6	4.93E-08
727.8	5.83E-08
728	7.85E-08
728.2	1.36E-07
728.4	6.98E-08
728.6	1.00E-07
728.8	1.18E-07
729	1.43E-07
729.2	6.99E-08
729.4	1.01E-07
729.6	2.11E-07
729.8	8.01E-08
730	1.13E-07
730.2	5.00E-08
730.4	5.63E-08
730.6	7.13E-08
730.8	9.01E-08
731	1.14E-07
731.2	1.44E-07
731.4	1.83E-07
731.6	2.31E-07
731.8	2.65E-07
732	2.65E-07
732.2	2.64E-07
732.4	2.63E-07
732.6	2.63E-07
732.8	2.62E-07
733	2.61E-07
733.2	2.60E-07
733.4	2.60E-07
733.6	2.59E-07
733.8	2.58E-07
734	2.58E-07
734.2	2.57E-07
734.4	2.56E-07
734.6	2.56E-07
734.8	2.55E-07
735	2.54E-07
735.2	2.54E-07
735.4	2.53E-07
735.6	2.52E-07
735.8	2.51E-07
736	2.50E-07
736.2	2.49E-07
736.4	2.48E-07
736.6	2.47E-07
736.8	2.46E-07
737	2.45E-07
737.2	2.44E-07
737.4	2.43E-07
737.6	2.42E-07
737.8	2.41E-07
738	2.40E-07
738.2	2.39E-07
738.4	2.38E-07
738.6	2.37E-07
738.8	2.36E-07
739	2.36E-07
739.2	2.35E-07
739.4	2.34E-07
739.6	2.34E-07
739.8	2.34E-07
740	2.35E-07
740.2	2.35E-07
740.4	2.35E-07
740.6	2.35E-07
740.8	2.36E-07
741	2.36E-07
741.2	2.36E-07
741.4	2.37E-07
741.6	2.37E-07
741.8	2.37E-07
742	2.38E-07
742.2	2.38E-07
742.4	2.38E-07
742.6	2.38E-07
742.8	2.39E-07
743	2.39E-07
743.2	2.39E-07
743.4	2.40E-07
743.6	2.40E-07
743.8	2.41E-07
744	2.43E-07
744.2	2.45E-07
744.4	2.46E-07
744.6	2.48E-07
744.8	2.49E-07
745	2.51E-07
745.2	2.53E-07
745.4	2.54E-07
745.6	2.56E-07
745.8	2.58E-07
746	2.60E-07
746.2	2.61E-07
746.4	2.63E-07
746.6	2.65E-07
746.8	2.66E-07
747	2.68E-07
747.2	2.34E-07
747.4	1.90E-07
747.6	1.54E-07
747.8	1.25E-07
748	1.01E-07
748.2	8.20E-08
748.4	6.65E-08
748.6	4.58E-08
748.8	9.60E-08
749	3.54E-07
749.2	8.21E-08
749.4	4.60E-08
749.6	4.62E-08
749.8	1.21E-07
750	4.90E-08
750.2	1.85E-07
750.4	4.65E-08
750.6	4.66E-08
750.8	4.67E-08
751	1.75E-07
751.2	9.37E-08
751.4	1.12E-07
751.6	5.40E-08
751.8	4.68E-08
752	4.69E-08
752.2	2.53E-07
752.4	1.04E-07
752.6	1.94E-07
752.8	2.78E-07
753	1.83E-07
753.2	1.90E-07
753.4	2.29E-07
753.6	5.59E-08
753.8	1.07E-07
754	3.01E-07
754.2	3.50E-07
754.4	3.17E-07
754.6	1.35E-07
754.8	4.79E-07
755	5.95E-07
755.2	7.92E-07
755.4	7.46E-07
755.6	9.06E-07
755.8	9.30E-07
756	9.03E-07
756.2	1.43E-06
756.4	1.65E-06
756.6	1.95E-06
756.8	2.29E-06
757	2.86E-06
757.2	3.45E-06
757.4	4.46E-06
757.6	5.04E-06
757.8	5.91E-06
758	7.46E-06
758.2	8.92E-06
758.4	1.15E-05
758.6	1.47E-05
758.8	1.85E-05
759	2.42E-05
759.2	3.05E-05
759.4	3.95E-05
759.6	5.00E-05
759.8	6.66E-05
760	8.52E-05
760.2	1.15E-04
760.4	1.52E-04
760.6	2.03E-04
760.8	2.72E-04
761	3.73E-04
761.2	5.11E-04
761.4	7.16E-04
761.6	0.00117
761.8	0.00163
762	0.00241
762.2	0.00355
762.4	0.00531
762.6	0.00821
762.8	0.01205
763	0.01765
763.2	0.02888
763.4	0.04878
763.6	0.08466
763.8	0.1505
764	0.2678
764.2	0.35868
764.4	0.5782
764.6	0.80164
764.8	0.93578
765	0.96695
765.2	0.94214
765.4	0.90925
765.6	0.887
765.8	0.87749
766	0.87795
766.2	0.88308
766.4	0.89253
766.6	0.9014
766.8	0.9081
767	0.91296
767.2	0.91484
767.4	0.91531
767.6	0.91566
767.8	0.91625
768	0.91793
768.2	0.92123
768.4	0.92613
768.6	0.9324
768.8	0.93997
769	0.94816
769.2	0.95621
769.4	0.96334
769.6	0.97049
769.8	0.97562
770	0.97919
770.2	0.982
770.4	0.98322
770.6	0.98221
770.8	0.98097
771	0.97858
771.2	0.97641
771.4	0.9741
771.6	0.97189
771.8	0.97045
772	0.96967
772.2	0.96973
772.4	0.96981
772.6	0.97155
772.8	0.97358
773	0.97618
773.2	0.9784
773.4	0.98145
773.6	0.98404
773.8	0.98697
774	0.98957
774.2	0.99116
774.4	0.99343
774.6	0.99488
774.8	0.9956
775	0.99634
775.2	0.99658
775.4	0.99666
775.6	0.99638
775.8	0.99638
776	0.99531
776.2	0.99563
776.4	0.99499
776.6	0.99398
776.8	0.99408
777	0.99444
777.2	0.99427
777.4	0.99419
777.6	0.99417
777.8	0.99396
778	0.99416
778.2	0.99359
778.4	0.99323
778.6	0.99296
778.8	0.99306
779	0.99258
779.2	0.99207
779.4	0.9905
779.6	0.99013
779.8	0.98989
780	0.98934
780.2	0.98824
780.4	0.98825
780.6	0.98765
780.8	0.98744
781	0.9878
781.2	0.98768
781.4	0.98791
781.6	0.98805
781.8	0.98801
782	0.98887
782.2	0.98872
782.4	0.989
782.6	0.9894
782.8	0.98934
783	0.98975
783.2	0.98988
783.4	0.98964
783.6	0.99021
783.8	0.98941
784	0.98941
784.2	0.98916
784.4	0.98894
784.6	0.98816
784.8	0.98752
785	0.98752
785.2	0.98692
785.4	0.98686
785.6	0.98762
785.8	0.98805
786	0.98785
786.2	0.98857
786.4	0.98936
786.6	0.99024
786.8	0.99104
787	0.99189
787.2	0.99252
787.4	0.99361
787.6	0.99424
787.8	0.99402
788	0.99382
788.2	0.99392
788.4	0.99333
788.6	0.9919
788.8	0.99127
789	0.98967
789.2	0.98696
789.4	0.9845
789.6	0.98164
789.8	0.97837
790	0.9752
790.2	0.97125
790.4	0.96774
790.6	0.96429
790.8	0.96037
791	0.95694
791.2	0.95462
791.4	0.9526
791.6	0.94989
791.8	0.94859
792	0.9471
792.2	0.94673
792.4	0.94667
792.6	0.94727
792.8	0.94818
793	0.94944
793.2	0.95148
793.4	0.95372
793.6	0.95638
793.8	0.95944
794	0.96226
794.2	0.96557
794.4	0.96877
794.6	0.97267
794.8	0.9758
795	0.97354
795.2	0.97544
795.4	0.97728
795.6	0.97958
795.8	0.98156
796	0.98266
796.2	0.98385
796.4	0.98333
796.6	0.98291
796.8	0.98169
797	0.97975
797.2	0.97816
797.4	0.97617
797.6	0.97303
797.8	0.97031
798	0.96882
798.2	0.96697
798.4	0.96571
798.6	0.96378
798.8	0.9619
799	0.96057
799.2	0.95992
799.4	0.95924
799.6	0.95894
799.8	0.95951
800	0.96045
800.2	0.96206
800.4	0.96433
800.6	0.96618
800.8	0.96818
801	0.97006
801.2	0.97248
801.4	0.97503
801.6	0.97741
801.8	0.97979
802	0.9823
802.2	0.98384
802.4	0.9846
802.6	0.98648
802.8	0.98857
803	0.98851
803.2	0.98848
803.4	0.98934
803.6	0.98982
803.8	0.98977
804	0.98914
804.2	0.9898
804.4	0.98991
804.6	0.99002
804.8	0.98811
805	0.98641
805.2	0.98499
805.4	0.98505
805.6	0.98416
805.8	0.98274
806	0.98109
806.2	0.97954
806.4	0.97887
806.6	0.97901
806.8	0.97838
807	0.97774
807.2	0.97762
807.4	0.97782
807.6	0.97858
807.8	0.9793
808	0.97995
808.2	0.9799
808.4	0.98028
808.6	0.98104
808.8	0.98195
809	0.983
809.2	0.98306
809.4	0.98419
809.6	0.98538
809.8	0.98687
810	0.98779
810.2	0.98779
810.4	0.98822
810.6	0.98886
810.8	0.98919
811	0.98974
811.2	0.98962
811.4	0.98952
811.6	0.9901
811.8	0.98998
812	0.98946
812.2	0.98873
812.4	0.98808
812.6	0.98781
812.8	0.98776
813	0.98708
813.2	0.98731
813.4	0.98809
813.6	0.98836
813.8	0.98841
814	0.98632
814.2	0.98629
814.4	0.98735
814.6	0.98769
814.8	0.9883
815	0.98776
815.2	0.98822
815.4	0.98683
815.6	0.98624
815.8	0.98652
816	0.98659
816.2	0.98663
816.4	0.98613
816.6	0.98578
816.8	0.98622
817	0.986
817.2	0.98526
817.4	0.98424
817.6	0.9834
817.8	0.98442
818	0.98447
818.2	0.98437
818.4	0.98298
818.6	0.98304
818.8	0.98323
819	0.9829
819.2	0.98289
819.4	0.98336
819.6	0.98318
819.8	0.98319
820	0.98373
820.2	0.98408
820.4	0.98456
820.6	0.98431
820.8	0.98459
821	0.98508
821.2	0.98583
821.4	0.98737
821.6	0.98893
821.8	0.98906
822	0.98896
822.2	0.99003
822.4	0.98976
822.6	0.99006
822.8	0.9899
823	0.98967
823.2	0.99002
823.4	0.99054
823.6	0.98951
823.8	0.98951
824	0.98918
824.2	0.98859
824.4	0.98844
824.6	0.98782
824.8	0.9862
825	0.98578
825.2	0.98586
825.4	0.98497
825.6	0.98451
825.8	0.98371
826	0.98343
826.2	0.98281
826.4	0.98196
826.6	0.98301
826.8	0.98336
827	0.98326
827.2	0.98265
827.4	0.98297
827.6	0.98281
827.8	0.98251
828	0.98289
828.2	0.9829
828.4	0.98339
828.6	0.9837
828.8	0.98372
829	0.98418
829.2	0.98369
829.4	0.98432
829.6	0.98452
829.8	0.98556
830	0.98556
830.2	0.9851
830.4	0.98468
830.6	0.98486
830.8	0.98505
831	0.98417
831.2	0.98294
831.4	0.98173
831.6	0.98122
831.8	0.9803
832	0.97947
832.2	0.97939
832.4	0.97931
832.6	0.97895
832.8	0.979
833	0.97904
833.2	0.97848
833.4	0.979
833.6	0.97874
833.8	0.97876
834	0.97935
834.2	0.9798
834.4	0.98019
834.6	0.98094
834.8	0.98255
835	0.98362
835.2	0.98425
835.4	0.98549
835.6	0.98627
835.8	0.98667
836	0.9871
836.2	0.98703
836.4	0.98792
836.6	0.98808
836.8	0.98685
837	0.98683
837.2	0.98715
837.4	0.98686
837.6	0.98678
837.8	0.98601
838	0.98611
838.2	0.98596
838.4	0.98523
838.6	0.98448
838.8	0.9832
839	0.98226
839.2	0.98189
839.4	0.98115
839.6	0.98
839.8	0.97929
840	0.97967
840.2	0.9794
840.4	0.97845
840.6	0.97764
840.8	0.97794
841	0.97792
841.2	0.97847
841.4	0.97941
841.6	0.98012
841.8	0.98033
842	0.98031
842.2	0.98148
842.4	0.98186
842.6	0.98175
842.8	0.98252
843	0.9833
843.2	0.98355
843.4	0.98458
843.6	0.98449
843.8	0.98498
844	0.98481
844.2	0.98461
844.4	0.98484
844.6	0.98433
844.8	0.98477
845	0.98477
845.2	0.98534
845.4	0.98575
845.6	0.98435
845.8	0.98488
846	0.98533
846.2	0.9856
846.4	0.98595
846.6	0.98622
846.8	0.98627
847	0.98633
847.2	0.98602
847.4	0.9857
847.6	0.98562
847.8	0.98496
848	0.98429
848.2	0.98283
848.4	0.98173
848.6	0.98077
848.8	0.97921
849	0.97808
849.2	0.97655
849.4	0.97484
849.6	0.97444
849.8	0.97365
850	0.97363
850.2	0.97545
850.4	0.97781
850.6	0.98043
850.8	0.98482
851	0.98806
851.2	0.98982
851.4	0.9895
851.6	0.98339
851.8	0.96654
852	0.93516
852.2	0.88776
852.4	0.8205
852.6	0.73564
852.8	0.63751
853	0.53564
853.2	0.43836
853.4	0.3504
853.6	0.27589
853.8	0.21506
854	0.16661
854.2	0.12883
854.4	0.10639
854.6	0.08181
854.8	0.0631
855	0.04889
855.2	0.03819
855.4	0.02995
855.6	0.02357
855.8	0.01974
856	0.01567
856.2	0.01252
856.4	0.01007
856.6	0.00811
856.8	0.00656
857	0.00545
857.2	0.00453
857.4	0.00371
857.6	0.00305
857.8	0.00251
858	0.00208
858.2	0.00172
858.4	0.00138
858.6	0.00115
858.8	9.61E-04
859	8.08E-04
859.2	6.81E-04
859.4	5.67E-04
859.6	4.81E-04
859.8	4.26E-04
860	3.63E-04
860.2	3.08E-04
860.4	2.62E-04
860.6	2.22E-04
860.8	1.92E-04
861	1.61E-04
861.2	1.39E-04
861.4	1.19E-04
861.6	1.02E-04
861.8	8.81E-05
862	7.64E-05
862.2	6.66E-05
862.4	5.72E-05
862.6	4.91E-05
862.8	4.28E-05
863	3.80E-05
863.2	3.30E-05
863.4	2.90E-05
863.6	2.54E-05
863.8	2.30E-05
864	2.00E-05
864.2	1.71E-05
864.4	1.49E-05
864.6	1.31E-05
864.8	1.16E-05
865	1.04E-05
865.2	9.24E-06
865.4	8.18E-06
865.6	7.34E-06
865.8	6.47E-06
866	5.75E-06
866.2	5.19E-06
866.4	4.58E-06
866.6	4.06E-06
866.8	3.65E-06
867	3.32E-06
867.2	3.00E-06
867.4	2.77E-06
867.6	2.53E-06
867.8	2.28E-06
868	2.07E-06
868.2	1.86E-06
868.4	1.62E-06
868.6	1.50E-06
868.8	1.48E-06
869	1.35E-06
869.2	1.19E-06
869.4	9.82E-07
869.6	1.02E-06
869.8	8.49E-07
870	8.20E-07
870.2	8.27E-07
870.4	8.34E-07
870.6	8.44E-07
870.8	8.54E-07
871	8.64E-07
871.2	8.74E-07
871.4	8.84E-07
871.6	8.94E-07
871.8	8.96E-07
872	8.67E-07
872.2	8.39E-07
872.4	8.11E-07
872.6	7.85E-07
872.8	7.60E-07
873	7.35E-07
873.2	7.11E-07
873.4	6.88E-07
873.6	6.66E-07
873.8	6.45E-07
874	6.24E-07
874.2	6.04E-07
874.4	5.84E-07
874.6	5.65E-07
874.8	5.47E-07
875	5.29E-07
875.2	5.12E-07
875.4	5.08E-07
875.6	5.03E-07
875.8	4.99E-07
876	4.94E-07
876.2	4.90E-07
876.4	4.85E-07
876.6	4.81E-07
876.8	4.77E-07
877	4.73E-07
877.2	4.68E-07
877.4	4.64E-07
877.6	4.60E-07
877.8	4.56E-07
878	4.52E-07
878.2	4.48E-07
878.4	4.44E-07
878.6	4.40E-07
878.8	4.36E-07
879	4.32E-07
879.2	4.28E-07
879.4	4.25E-07
879.6	4.21E-07
879.8	4.17E-07
880	4.13E-07
880.2	4.10E-07
880.4	4.07E-07
880.6	4.04E-07
880.8	4.02E-07
881	3.99E-07
881.2	3.96E-07
881.4	3.93E-07
881.6	3.90E-07
881.8	3.88E-07
882	3.85E-07
882.2	3.82E-07
882.4	3.80E-07
882.6	3.77E-07
882.8	3.74E-07
883	3.72E-07
883.2	3.69E-07
883.4	3.67E-07
883.6	3.64E-07
883.8	3.62E-07
884	3.59E-07
884.2	3.57E-07
884.4	3.54E-07
884.6	3.52E-07
884.8	3.49E-07
885	3.47E-07
885.2	3.45E-07
885.4	3.44E-07
885.6	3.42E-07
885.8	3.41E-07
886	3.40E-07
886.2	3.38E-07
886.4	3.37E-07
886.6	3.35E-07
886.8	3.34E-07
887	3.33E-07
887.2	3.31E-07
887.4	3.30E-07
887.6	3.28E-07
887.8	3.27E-07
888	3.26E-07
888.2	3.24E-07
888.4	3.23E-07
888.6	3.22E-07
888.8	3.20E-07
889	3.19E-07
889.2	3.18E-07
889.4	3.16E-07
889.6	3.15E-07
889.8	3.14E-07
890	3.13E-07
890.2	3.13E-07
890.4	3.13E-07
890.6	3.13E-07
890.8	3.13E-07
891	3.13E-07
891.2	3.13E-07
891.4	3.13E-07
891.6	3.13E-07
891.8	3.14E-07
892	3.14E-07
892.2	3.14E-07
892.4	3.14E-07
892.6	3.14E-07
892.8	3.14E-07
893	3.14E-07
893.2	3.14E-07
893.4	3.14E-07
893.6	3.14E-07
893.8	3.14E-07
894	3.14E-07
894.2	3.14E-07
894.4	3.14E-07
894.6	3.14E-07
894.8	3.14E-07
895	3.12E-07
895.2	3.09E-07
895.4	3.07E-07
895.6	3.04E-07
895.8	3.02E-07
896	2.99E-07
896.2	2.97E-07
896.4	2.95E-07
896.6	2.92E-07
896.8	2.90E-07
897	2.88E-07
897.2	2.85E-07
897.4	2.83E-07
897.6	2.81E-07
897.8	2.78E-07
898	2.76E-07
898.2	2.74E-07
898.4	2.72E-07
898.6	2.70E-07
898.8	2.67E-07
899	2.65E-07
899.2	2.63E-07
899.4	2.61E-07
899.6	2.59E-07
899.8	2.58E-07
900	2.58E-07
900.2	2.59E-07
900.4	2.59E-07
900.6	2.59E-07
900.8	2.59E-07
901	2.60E-07
901.2	2.60E-07
901.4	2.60E-07
901.6	2.61E-07
901.8	2.61E-07
902	2.61E-07
902.2	2.62E-07
902.4	2.62E-07
902.6	2.62E-07
902.8	2.62E-07
903	2.63E-07
903.2	2.63E-07
903.4	2.63E-07
903.6	2.64E-07
903.8	2.64E-07
904	2.64E-07
904.2	2.64E-07
904.4	2.65E-07
904.6	2.65E-07
904.8	2.58E-07
905	2.51E-07
905.2	2.45E-07
905.4	2.38E-07
905.6	2.32E-07
905.8	2.26E-07
906	2.20E-07
906.2	2.14E-07
906.4	2.09E-07
906.6	2.03E-07
906.8	1.98E-07
907	1.93E-07
907.2	1.88E-07
907.4	1.83E-07
907.6	1.78E-07
907.8	1.73E-07
908	1.69E-07
908.2	1.65E-07
908.4	1.60E-07
908.6	1.56E-07
908.8	1.52E-07
909	1.48E-07
909.2	1.44E-07
909.4	1.40E-07
909.6	1.36E-07
909.8	1.31E-07
910	1.27E-07
910.2	1.22E-07
910.4	1.18E-07
910.6	1.14E-07
910.8	1.10E-07
911	1.06E-07
911.2	1.02E-07
911.4	9.85E-08
911.6	9.50E-08
911.8	9.16E-08
912	8.84E-08
912.2	8.53E-08
912.4	8.23E-08
912.6	7.94E-08
912.8	7.66E-08
913	7.39E-08
913.2	7.13E-08
913.4	6.88E-08
913.6	6.63E-08
913.8	6.40E-08
914	6.17E-08
914.2	5.96E-08
914.4	5.75E-08
914.6	5.74E-08
914.8	5.72E-08
915	5.71E-08
915.2	5.69E-08
915.4	5.68E-08
915.6	5.66E-08
915.8	5.65E-08
916	5.63E-08
916.2	5.62E-08
916.4	5.60E-08
916.6	5.59E-08
916.8	5.58E-08
917	5.56E-08
917.2	5.55E-08
917.4	5.53E-08
917.6	5.52E-08
917.8	5.50E-08
918	5.49E-08
918.2	5.48E-08
918.4	5.46E-08
918.6	5.45E-08
918.8	5.43E-08
919	5.42E-08
919.2	5.41E-08
919.4	5.45E-08
919.6	5.56E-08
919.8	5.67E-08
920	5.79E-08
920.2	5.90E-08
920.4	6.02E-08
920.6	6.14E-08
920.8	6.26E-08
921	6.39E-08
921.2	6.51E-08
921.4	6.64E-08
921.6	6.77E-08
921.8	6.91E-08
922	7.05E-08
922.2	7.19E-08
922.4	7.33E-08
922.6	7.48E-08
922.8	7.63E-08
923	7.78E-08
923.2	7.91E-08
923.4	7.85E-08
923.6	7.79E-08
923.8	7.73E-08
924	7.67E-08
924.2	7.61E-08
924.4	7.55E-08
924.6	7.49E-08
924.8	7.43E-08
925	7.37E-08
925.2	7.32E-08
925.4	7.26E-08
925.6	7.20E-08
925.8	7.15E-08
926	7.09E-08
926.2	7.03E-08
926.4	6.98E-08
926.6	6.93E-08
926.8	6.89E-08
927	6.87E-08
927.2	6.84E-08
927.4	6.81E-08
927.6	6.78E-08
927.8	6.75E-08
928	6.72E-08
928.2	6.69E-08
928.4	6.66E-08
928.6	6.64E-08
928.8	6.61E-08
929	6.58E-08
929.2	5.72E-08
929.4	4.87E-08
929.6	4.15E-08
929.8	3.53E-08
930	3.01E-08
930.2	2.56E-08
930.4	2.18E-08
930.6	1.86E-08
930.8	1.58E-08
931	1.39E-08
931.2	1.40E-08
931.4	1.41E-08
931.6	1.42E-08
931.8	1.44E-08
932	1.09E-07
932.2	8.03E-08
932.4	4.94E-08
932.6	4.94E-08
932.8	4.95E-08
933	4.99E-08
933.2	5.08E-08
933.4	5.15E-08
933.6	5.16E-08
933.8	5.24E-08
934	5.33E-08
934.2	5.50E-08
934.4	1.95E-07
934.6	5.54E-08
934.8	5.57E-08
935	5.67E-08
935.2	5.84E-08
935.4	9.62E-08
935.6	1.10E-07
935.8	6.20E-08
936	6.28E-08
936.2	6.42E-08
936.4	6.59E-08
936.6	1.78E-07
936.8	7.73E-08
937	7.14E-08
937.2	7.23E-08
937.4	7.35E-08
937.6	7.60E-08
937.8	7.78E-08
938	1.31E-07
938.2	1.97E-07
938.4	8.26E-08
938.6	8.50E-08
938.8	8.63E-08
939	8.80E-08
939.2	8.99E-08
939.4	9.17E-08
939.6	9.37E-08
939.8	9.57E-08
940	9.73E-08
940.2	9.90E-08
940.4	1.01E-07
940.6	1.02E-07
940.8	2.29E-07
941	4.80E-07
941.2	1.22E-07
941.4	1.07E-07
941.6	1.08E-07
941.8	1.09E-07
942	1.10E-07
942.2	1.11E-07
942.4	1.12E-07
942.6	1.15E-07
942.8	1.15E-07
943	1.14E-07
943.2	1.13E-07
943.4	1.13E-07
943.6	1.15E-07
943.8	1.16E-07
944	1.17E-07
944.2	1.16E-07
944.4	1.14E-07
944.6	1.13E-07
944.8	1.13E-07
945	1.13E-07
945.2	1.12E-07
945.4	1.13E-07
945.6	1.12E-07
945.8	1.12E-07
946	1.12E-07
946.2	1.10E-07
946.4	1.09E-07
946.6	1.08E-07
946.8	1.07E-07
947	1.06E-07
947.2	1.05E-07
947.4	1.05E-07
947.6	1.04E-07
947.8	1.04E-07
948	1.04E-07
948.2	1.03E-07
948.4	1.01E-07
948.6	1.00E-07
948.8	2.31E-07
949	1.48E-07
949.2	9.87E-08
949.4	9.83E-08
949.6	9.73E-08
949.8	9.69E-08
950	9.69E-08
950.2	9.48E-08
950.4	9.32E-08
950.6	9.25E-08
950.8	9.20E-08
951	9.12E-08
951.2	9.04E-08
951.4	9.01E-08
951.6	9.00E-08
951.8	8.94E-08
952	8.93E-08
952.2	8.88E-08
952.4	8.72E-08
952.6	8.63E-08
952.8	8.58E-08
953	8.49E-08
953.2	1.22E-07
953.4	9.86E-08
953.6	8.35E-08
953.8	3.32E-07
954	3.05E-07
954.2	8.24E-08
954.4	8.20E-08
954.6	2.09E-07
954.8	1.34E-07
955	1.40E-07
955.2	7.99E-08
955.4	7.95E-08
955.6	7.91E-08
955.8	7.86E-08
956	7.80E-08
956.2	4.41E-07
956.4	7.76E-08
956.6	7.74E-08
956.8	7.65E-08
957	7.59E-08
957.2	7.54E-08
957.4	1.46E-07
957.6	1.72E-07
957.8	7.48E-08
958	7.51E-08
958.2	7.48E-08
958.4	7.44E-08
958.6	1.63E-07
958.8	7.84E-08
959	7.41E-08
959.2	7.38E-08
959.4	7.35E-08
959.6	7.32E-08
959.8	7.29E-08
960	7.26E-08
960.2	1.07E-07
960.4	2.49E-07
960.6	7.20E-08
960.8	7.18E-08
961	7.18E-08
961.2	7.19E-08
961.4	7.22E-08
961.6	7.22E-08
961.8	7.19E-08
962	7.16E-08
962.2	7.12E-08
962.4	7.10E-08
962.6	7.11E-08
962.8	7.11E-08
963	1.66E-07
963.2	7.05E-08
963.4	1.04E-07
963.6	1.66E-07
963.8	7.03E-08
964	7.02E-08
964.2	7.03E-08
964.4	7.05E-08
964.6	7.04E-08
964.8	7.01E-08
965	7.00E-08
965.2	7.03E-08
965.4	7.05E-08
965.6	7.04E-08
965.8	3.47E-07
966	7.01E-08
966.2	6.99E-08
966.4	6.96E-08
966.6	6.98E-08
966.8	7.01E-08
967	7.03E-08
967.2	7.03E-08
967.4	7.04E-08
967.6	7.06E-08
967.8	7.08E-08
968	7.07E-08
968.2	7.04E-08
968.4	7.02E-08
968.6	7.04E-08
968.8	7.04E-08
969	7.05E-08
969.2	7.07E-08
969.4	7.95E-08
969.6	1.08E-07
969.8	7.10E-08
970	7.12E-08
970.2	7.15E-08
970.4	7.16E-08
970.6	7.17E-08
970.8	7.15E-08
971	4.82E-07
971.2	7.14E-08
971.4	1.21E-07
971.6	9.84E-08
971.8	7.18E-08
972	3.59E-08
972.2	3.89E-08
972.4	4.21E-08
972.6	4.56E-08
972.8	4.94E-08
973	5.35E-08
973.2	5.79E-08
973.4	6.27E-08
973.6	6.79E-08
973.8	7.35E-08
974	7.96E-08
974.2	8.62E-08
974.4	9.33E-08
974.6	1.00E-07
974.8	1.00E-07
975	1.00E-07
975.2	1.00E-07
975.4	1.00E-07
975.6	1.00E-07
975.8	1.00E-07
976	1.00E-07
976.2	1.00E-07
976.4	1.00E-07
976.6	1.00E-07
976.8	1.00E-07
977	1.00E-07
977.2	1.00E-07
977.4	1.00E-07
977.6	1.00E-07
977.8	1.00E-07
978	1.00E-07
978.2	1.00E-07
978.4	1.00E-07
978.6	1.00E-07
978.8	1.00E-07
979	1.00E-07
979.2	1.00E-07
979.4	1.00E-07
979.6	1.00E-07
979.8	1.00E-07
980	1.00E-07
980.2	1.00E-07
980.4	1.00E-07
980.6	1.00E-07
980.8	1.00E-07
981	1.00E-07
981.2	1.00E-07
981.4	1.00E-07
981.6	1.00E-07
981.8	1.00E-07
982	1.00E-07
982.2	1.00E-07
982.4	1.00E-07
982.6	1.00E-07
982.8	1.00E-07
983	1.00E-07
983.2	1.00E-07
983.4	1.00E-07
983.6	1.00E-07
983.8	1.00E-07
984	1.00E-07
984.2	1.00E-07
984.4	1.00E-07
984.6	1.00E-07
984.8	1.00E-07
985	1.00E-07
985.2	1.00E-07
985.4	1.00E-07
985.6	1.00E-07
985.8	1.00E-07
986	1.00E-07
986.2	1.00E-07
986.4	1.00E-07
986.6	1.00E-07
986.8	1.00E-07
987	1.00E-07
987.2	1.00E-07
987.4	1.00E-07
987.6	1.00E-07
987.8	1.00E-07
988	1.00E-07
988.2	1.00E-07
988.4	1.00E-07
988.6	1.00E-07
988.8	1.00E-07
989	1.00E-07
989.2	1.00E-07
989.4	1.00E-07
989.6	1.00E-07
989.8	1.00E-07
990	1.00E-07
990.2	1.00E-07
990.4	1.00E-07
990.6	1.00E-07
990.8	1.00E-07
991	1.00E-07
991.2	1.00E-07
991.4	1.00E-07
991.6	1.00E-07
991.8	1.00E-07
992	1.00E-07
992.2	1.00E-07
992.4	1.00E-07
992.6	1.00E-07
992.8	1.00E-07
993	1.00E-07
993.2	1.00E-07
993.4	1.00E-07
993.6	1.00E-07
993.8	1.00E-07
994	1.00E-07
994.2	1.00E-07
994.4	1.00E-07
994.6	1.00E-07
994.8	1.00E-07
995	1.00E-07
995.2	1.00E-07
995.4	1.00E-07
995.6	1.00E-07
995.8	1.00E-07
996	1.00E-07
996.2	1.00E-07
996.4	1.00E-07
996.6	1.00E-07
996.8	1.00E-07
997	1.00E-07
997.2	1.00E-07
997.4	1.00E-07
997.6	1.00E-07
997.8	1.00E-07
998	1.00E-07
998.2	1.00E-07
998.4	1.00E-07
998.6	1.00E-07
998.8	1.00E-07
999	1.00E-07
999.2	1.00E-07
999.4	1.00E-07
999.6	1.00E-07
999.8	1.00E-07
1000	1.00E-07
1000.2	1.00E-07
1000.4	1.00E-07
1000.6	1.00E-07
1000.8	1.00E-07
1001	1.00E-07
1001.2	1.00E-07
1001.4	1.00E-07
1001.6	1.00E-07
1001.8	1.00E-07
1002	1.00E-07
1002.2	1.00E-07
1002.4	1.00E-07
1002.6	1.00E-07
1002.8	1.00E-07
1003	1.00E-07
1003.2	1.00E-07
1003.4	1.00E-07
1003.6	1.00E-07
1003.8	1.00E-07
1004	1.00E-07
1004.2	1.00E-07
1004.4	1.00E-07
1004.6	1.00E-07
1004.8	9.16E-08
1005	8.19E-08
1005.2	7.31E-08
1005.4	6.54E-08
1005.6	5.84E-08
1005.8	5.22E-08
1006	4.66E-08
1006.2	4.17E-08
1006.4	3.72E-08
1006.6	3.33E-08
1006.8	2.97E-08
1007	2.66E-08
1007.2	2.37E-08
1007.4	2.12E-08
1007.6	1.90E-08
1007.8	1.69E-08
1008	1.51E-08
1008.2	1.35E-08
1008.4	1.48E-08
1008.6	1.65E-08
1008.8	1.85E-08
1009	2.07E-08
1009.2	2.32E-08
1009.4	2.59E-08
1009.6	2.90E-08
1009.8	3.25E-08
1010	3.63E-08
1010.2	4.07E-08
1010.4	4.55E-08
1010.6	5.09E-08
1010.8	5.70E-08
1011	6.38E-08
1011.2	7.14E-08
1011.4	7.99E-08
1011.6	8.94E-08
1011.8	1.00E-07
1012	1.00E-07
1012.2	1.00E-07
1012.4	1.00E-07
1012.6	1.00E-07
1012.8	1.00E-07
1013	1.00E-07
1013.2	1.00E-07
1013.4	1.00E-07
1013.6	1.00E-07
1013.8	1.00E-07
1014	1.00E-07
1014.2	1.00E-07
1014.4	1.00E-07
1014.6	1.00E-07
1014.8	1.00E-07
1015	1.00E-07
1015.2	1.00E-07
1015.4	1.00E-07
1015.6	1.00E-07
1015.8	1.00E-07
1016	1.00E-07
1016.2	1.00E-07
1016.4	1.00E-07
1016.6	1.00E-07
1016.8	1.00E-07
1017	1.00E-07
1017.2	1.00E-07
1017.4	1.00E-07
1017.6	1.00E-07
1017.8	1.00E-07
1018	1.00E-07
1018.2	1.00E-07
1018.4	1.00E-07
1018.6	1.00E-07
1018.8	1.00E-07
1019	1.00E-07
1019.2	1.00E-07
1019.4	1.00E-07
1019.6	1.00E-07
1019.8	1.00E-07
1020	1.00E-07
1020.2	1.00E-07
1020.4	1.00E-07
1020.6	1.00E-07
1020.8	1.00E-07
1021	1.00E-07
1021.2	1.00E-07
1021.4	1.00E-07
1021.6	1.00E-07
1021.8	1.00E-07
1022	1.00E-07
1022.2	1.00E-07
1022.4	1.00E-07
1022.6	1.00E-07
1022.8	1.00E-07
1023	1.00E-07
1023.2	1.00E-07
1023.4	1.00E-07
1023.6	1.00E-07
1023.8	1.00E-07
1024	1.00E-07
1024.2	1.00E-07
1024.4	1.00E-07
1024.6	1.00E-07
1024.8	1.00E-07
1025	1.00E-07
1025.2	1.00E-07
1025.4	1.00E-07
1025.6	1.00E-07
1025.8	1.00E-07
1026	1.00E-07
1026.2	1.00E-07
1026.4	1.00E-07
1026.6	1.00E-07
1026.8	1.00E-07
1027	1.00E-07
1027.2	1.00E-07
1027.4	1.00E-07
1027.6	1.00E-07
1027.8	1.00E-07
1028	1.00E-07
1028.2	1.00E-07
1028.4	1.00E-07
1028.6	1.00E-07
1028.8	1.00E-07
1029	1.00E-07
1029.2	1.00E-07
1029.4	1.00E-07
1029.6	1.00E-07
1029.8	1.00E-07
1030	1.00E-07
1030.2	1.00E-07
1030.4	1.00E-07
1030.6	1.00E-07
1030.8	1.00E-07
1031	1.00E-07
1031.2	1.00E-07
1031.4	1.00E-07
1031.6	1.00E-07
1031.8	1.00E-07
1032	1.00E-07
1032.2	1.00E-07
1032.4	1.00E-07
1032.6	1.00E-07
1032.8	1.00E-07
1033	1.00E-07
1033.2	1.00E-07
1033.4	1.00E-07
1033.6	1.00E-07
1033.8	1.00E-07
1034	1.00E-07
1034.2	1.00E-07
1034.4	1.00E-07
1034.6	1.00E-07
1034.8	1.00E-07
1035	1.00E-07
1035.2	1.00E-07
1035.4	1.00E-07
1035.6	1.00E-07
1035.8	1.00E-07
1036	1.00E-07
1036.2	1.00E-07
1036.4	1.00E-07
1036.6	1.00E-07
1036.8	1.00E-07
1037	1.00E-07
1037.2	1.00E-07
1037.4	1.00E-07
1037.6	1.00E-07
1037.8	1.00E-07
1038	1.00E-07
1038.2	1.00E-07
1038.4	1.00E-07
1038.6	1.00E-07
1038.8	1.00E-07
1039	1.00E-07
1039.2	1.00E-07
1039.4	1.00E-07
1039.6	1.00E-07
1039.8	1.00E-07
1040	1.00E-07
1040.2	1.00E-07
1040.4	1.00E-07
1040.6	1.00E-07
1040.8	1.00E-07
1041	1.00E-07
1041.2	1.00E-07
1041.4	1.00E-07
1041.6	1.00E-07
1041.8	1.00E-07
1042	1.00E-07
1042.2	1.00E-07
1042.4	1.00E-07
1042.6	1.00E-07
1042.8	1.00E-07
1043	1.00E-07
1043.2	1.00E-07
1043.4	1.00E-07
1043.6	1.00E-07
1043.8	1.00E-07
1044	1.08E-07
1044.2	2.07E-07
1044.4	3.97E-07
1044.6	7.60E-07
1044.8	1.46E-06
1045	2.79E-06
1045.2	1.86E-06
1045.4	1.95E-06
1045.6	1.87E-06
1045.8	1.88E-06
1046	6.23E-06
1046.2	1.89E-06
1046.4	1.90E-06
1046.6	2.97E-06
1046.8	2.54E-06
1047	1.94E-06
1047.2	6.57E-06
1047.4	2.60E-06
1047.6	2.11E-06
1047.8	4.12E-06
1048	1.98E-06
1048.2	2.72E-06
1048.4	2.20E-06
1048.6	5.98E-06
1048.8	2.00E-06
1049	2.01E-06
1049.2	2.55E-06
1049.4	4.58E-06
1049.6	2.74E-06
1049.8	2.04E-06
1050	2.05E-06
1050.2	2.36E-06
1050.4	2.75E-06
1050.6	2.08E-06
1050.8	2.10E-06
1051	8.44E-06
1051.2	3.82E-06
1051.4	4.12E-06
1051.6	2.16E-06
1051.8	3.97E-06
1052	5.54E-06
1052.2	2.21E-06
1052.4	3.68E-06
1052.6	5.04E-06
1052.8	3.89E-06
1053	5.81E-06
1053.2	2.27E-06
1053.4	5.36E-06
1053.6	2.62E-06
1053.8	6.24E-06
1054	2.30E-06
1054.2	3.28E-06
1054.4	7.02E-06
1054.6	2.32E-06
1054.8	2.34E-06
1055	4.70E-06
1055.2	2.83E-06
1055.4	2.38E-06
1055.6	5.62E-06
1055.8	6.52E-06
1056	6.51E-06
1056.2	2.42E-06
1056.4	2.44E-06
1056.6	2.45E-06
1056.8	2.46E-06
1057	7.56E-06
1057.2	2.50E-06
1057.4	7.56E-06
1057.6	2.54E-06
1057.8	2.74E-06
1058	6.54E-06
1058.2	2.59E-06
1058.4	2.59E-06
1058.6	2.94E-06
1058.8	2.62E-06
1059	2.64E-06
1059.2	7.95E-06
1059.4	8.68E-06
1059.6	4.74E-06
1059.8	3.45E-06
1060	1.11E-05
1060.2	9.20E-06
1060.4	2.74E-06
1060.6	8.95E-06
1060.8	5.54E-06
1061	5.81E-06
1061.2	2.80E-06
1061.4	4.47E-06
1061.6	3.06E-06
1061.8	3.65E-06
1062	3.22E-06
1062.2	4.36E-06
1062.4	3.38E-06
1062.6	2.92E-06
1062.8	1.08E-05
1063	3.37E-06
1063.2	3.76E-06
1063.4	9.36E-06
1063.6	7.71E-06
1063.8	3.04E-06
1064	8.97E-06
1064.2	8.97E-06
1064.4	8.68E-06
1064.6	8.92E-06
1064.8	3.11E-06
1065	1.17E-05
1065.2	6.41E-06
1065.4	6.67E-06
1065.6	8.20E-06
1065.8	1.32E-05
1066	1.49E-05
1066.2	8.70E-06
1066.4	8.20E-06
1066.6	7.47E-06
1066.8	6.99E-06
1067	1.28E-05
1067.2	5.03E-06
1067.4	1.28E-05
1067.6	1.17E-05
1067.8	8.23E-06
1068	1.02E-05
1068.2	1.68E-05
1068.4	1.15E-05
1068.6	1.44E-05
1068.8	1.44E-05
1069	1.66E-05
1069.2	1.12E-05
1069.4	1.34E-05
1069.6	2.22E-05
1069.8	1.36E-05
1070	2.40E-05
1070.2	1.48E-05
1070.4	1.39E-05
1070.6	1.91E-05
1070.8	1.10E-05
1071	8.25E-06
1071.2	1.69E-05
1071.4	1.54E-05
1071.6	2.44E-05
1071.8	1.03E-05
1072	1.53E-05
1072.2	1.87E-05
1072.4	2.02E-05
1072.6	1.30E-05
1072.8	4.40E-06
1073	1.47E-05
1073.2	1.48E-05
1073.4	1.19E-05
1073.6	5.06E-06
1073.8	9.07E-06
1074	6.27E-06
1074.2	2.35E-05
1074.4	1.27E-05
1074.6	2.35E-05
1074.8	1.41E-05
1075	1.55E-05
1075.2	9.30E-06
1075.4	5.58E-06
1075.6	3.34E-06
1075.8	2.00E-06
1076	1.20E-06
1076.2	7.21E-07
1076.4	4.32E-07
1076.6	3.67E-07
1076.8	3.53E-07
1077	3.39E-07
1077.2	3.27E-07
1077.4	3.14E-07
1077.6	3.02E-07
1077.8	2.91E-07
1078	2.80E-07
1078.2	2.69E-07
1078.4	2.59E-07
1078.6	2.49E-07
1078.8	2.40E-07
1079	2.30E-07
1079.2	2.22E-07
1079.4	2.13E-07
1079.6	2.05E-07
1079.8	1.97E-07
1080	1.85E-07
1080.2	1.71E-07
1080.4	1.59E-07
1080.6	1.48E-07
1080.8	1.37E-07
1081	1.27E-07
1081.2	1.18E-07
1081.4	1.09E-07
1081.6	1.01E-07
1081.8	9.42E-08
1082	8.74E-08
1082.2	8.11E-08
1082.4	7.52E-08
1082.6	6.98E-08
1082.8	6.48E-08
1083	6.01E-08
1083.2	5.58E-08
1083.4	5.54E-08
1083.6	5.57E-08
1083.8	5.59E-08
1084	5.62E-08
1084.2	5.65E-08
1084.4	5.68E-08
1084.6	5.71E-08
1084.8	5.74E-08
1085	5.77E-08
1085.2	5.80E-08
1085.4	5.83E-08
1085.6	5.86E-08
1085.8	5.89E-08
1086	5.92E-08
1086.2	6.12E-08
1086.4	7.13E-08
1086.6	8.31E-08
1086.8	9.68E-08
1087	1.13E-07
1087.2	1.31E-07
1087.4	1.53E-07
1087.6	1.78E-07
1087.8	2.07E-07
1088	2.42E-07
1088.2	2.81E-07
1088.4	3.28E-07
1088.6	3.82E-07
1088.8	4.45E-07
1089	5.18E-07
1089.2	6.03E-07
1089.4	7.02E-07
1089.6	7.50E-07
1089.8	6.26E-07
1090	5.23E-07
1090.2	4.36E-07
1090.4	3.64E-07
1090.6	3.04E-07
1090.8	2.54E-07
1091	2.12E-07
1091.2	1.77E-07
1091.4	1.47E-07
1091.6	1.23E-07
1091.8	1.03E-07
1092	8.58E-08
1092.2	7.16E-08
1092.4	5.97E-08
1092.6	4.99E-08
1092.8	4.16E-08
1093	4.07E-08
1093.2	5.52E-08
1093.4	7.47E-08
1093.6	1.01E-07
1093.8	1.37E-07
1094	1.85E-07
1094.2	2.51E-07
1094.4	3.39E-07
1094.6	4.59E-07
1094.8	6.22E-07
1095	8.42E-07
1095.2	1.14E-06
1095.4	1.54E-06
1095.6	2.09E-06
1095.8	2.83E-06
1096	3.28E-06
1096.2	3.57E-06
1096.4	3.90E-06
1096.6	4.25E-06
1096.8	4.63E-06
1097	5.05E-06
1097.2	5.50E-06
1097.4	5.99E-06
1097.6	6.53E-06
1097.8	7.12E-06
1098	7.76E-06
1098.2	8.46E-06
1098.4	9.22E-06
1098.6	1.01E-05
1098.8	1.10E-05
1099	1.19E-05
1099.2	1.30E-05
1099.4	1.84E-05
1099.6	2.80E-05
1099.8	4.26E-05
1100	6.49E-05
1100.2	9.87E-05
1100.4	1.64E-04
1100.6	1.06E-04
1100.8	2.33E-04
1101	2.36E-04
1101.2	1.70E-04
1101.4	1.98E-04
1101.6	2.34E-04
1101.8	1.94E-04
1102	2.60E-04
1102.2	2.52E-04
1102.4	3.80E-04
1102.6	2.49E-04
1102.8	4.31E-04
1103	3.70E-04
1103.2	4.46E-04
1103.4	6.17E-04
1103.6	6.67E-04
1103.8	8.26E-04
1104	9.38E-04
1104.2	0.00119
1104.4	0.00134
1104.6	0.00166
1104.8	0.00201
1105	0.00226
1105.2	0.00287
1105.4	0.0033
1105.6	0.00382
1105.8	0.00471
1106	0.0055
1106.2	0.00688
1106.4	0.00891
1106.6	0.01228
1106.8	0.019
1107	0.02971
1107.2	0.04689
1107.4	0.07699
1107.6	0.16976
1107.8	0.39145
1108	0.3474
1108.2	0.15065
1108.4	0.08314
1108.6	0.05574
1108.8	0.03902
1109	0.02818
1109.2	0.02118
1109.4	0.01694
1109.6	0.01446
1109.8	0.0128
1110	0.0114